1 0.4446497 0.6972558 0.4488462 0.6294039 0.4203283 0.6276402 0.4161318 0.6954921
1 0.5765275 0.7188446 0.5807241 0.6509928 0.5522062 0.6492289 0.5480096 0.7170808
1 0.4248353 0.5547695 0.4206388 0.6226214 0.4491567 0.6243852 0.4533532 0.5565333
1 0.5810345 0.6459739 0.5852311 0.5781221 0.5567132 0.5763582 0.5525166 0.6442101
1 0.4294258 0.4805495 0.4252292 0.5484014 0.4537471 0.5501652 0.4579436 0.4823133
1 0.5856249 0.5717539 0.5898215 0.5039020 0.5613036 0.5021382 0.5571070 0.5699900
1 0.4581706 0.4786441 0.4623671 0.4107921 0.4338493 0.4090283 0.4296527 0.4768803
1 0.5657271 0.4306171 0.5615306 0.4984690 0.5900484 0.5002328 0.5942450 0.4323809
4 0.3602902 0.4114665 0.3629945 0.3677418 0.3369140 0.3661287 0.3342097 0.4098535
4 0.3634785 0.3599173 0.3661828 0.3161926 0.3401023 0.3145795 0.3373979 0.3583042
0 0.5430335 0.7007298 0.5594497 0.4353070 0.4767641 0.4301929 0.4603480 0.6956158
5 0.3370644 0.4388602 0.3350938 0.4707220 0.3457885 0.4713835 0.3477592 0.4395217
5 0.3409470 0.5496628 0.3429177 0.5178010 0.3322229 0.5171396 0.3302522 0.5490013
5 0.3275490 0.5927091 0.3255784 0.6245708 0.3362731 0.6252322 0.3382438 0.5933705
5 0.3314601 0.7030509 0.3334307 0.6711891 0.3227360 0.6705276 0.3207653 0.7023894
3 0.6788154 0.7895530 0.6829176 0.7232277 0.6522741 0.7213324 0.6481720 0.7876578
3 0.6889032 0.6264490 0.6930054 0.5601236 0.6623619 0.5582283 0.6582598 0.6245537
3 0.6573542 0.6391956 0.6532521 0.7055210 0.6838955 0.7074162 0.6879976 0.6410909
3 0.6674420 0.4760914 0.6633399 0.5424168 0.6939833 0.5443121 0.6980855 0.4779868
3 0.6991413 0.4609158 0.7032435 0.3945904 0.6726000 0.3926951 0.6684979 0.4590205
2 0.6454514 0.7208909 0.6622961 0.4485383 0.6285493 0.4464511 0.6117046 0.7188036
2 0.3844463 0.6781637 0.4012910 0.4058112 0.3675443 0.4037240 0.3506996 0.6760765
2 0.5830898 0.7487601 0.4132425 0.7209556 0.4044555 0.7746327 0.5743028 0.8024371
2 0.4289100 0.3792425 0.5987573 0.4070469 0.6075444 0.3533697 0.4376971 0.3255653
5 0.3890158 0.3749264 0.4094134 0.3782656 0.4122429 0.3609818 0.3918453 0.3576425
