1 0.4124622 0.4951739 0.4001316 0.5622044 0.4279855 0.5673283 0.4403161 0.5002978
1 0.5354084 0.5550656 0.5230778 0.6220961 0.5509318 0.6272200 0.5632623 0.5601894
1 0.4249618 0.4272242 0.4126313 0.4942547 0.4404852 0.4993786 0.4528157 0.4323480
1 0.5634314 0.5592701 0.5757619 0.4922397 0.5479080 0.4871158 0.5355775 0.5541463
1 0.4376930 0.3580161 0.4253624 0.4250466 0.4532163 0.4301705 0.4655469 0.3631400
1 0.5761625 0.4900621 0.5884931 0.4230317 0.5606391 0.4179078 0.5483086 0.4849383
1 0.4499611 0.2913249 0.4376306 0.3583553 0.4654845 0.3634792 0.4778151 0.2964487
1 0.5884306 0.4233708 0.6007612 0.3563403 0.5729073 0.3512164 0.5605767 0.4182469
4 0.3800458 0.2699698 0.3881812 0.2257447 0.3627031 0.2210578 0.3545676 0.2652830
4 0.3888881 0.2219017 0.3970236 0.1776764 0.3715455 0.1729896 0.3634100 0.2172149
0 0.5211756 0.5997525 0.5691937 0.3387205 0.4884479 0.3238670 0.4404299 0.5848989
5 0.3595125 0.3227117 0.3652761 0.2913800 0.3548167 0.2894560 0.3490531 0.3207877
5 0.3460850 0.3957049 0.3518487 0.3643732 0.3413892 0.3624492 0.3356256 0.3937808
5 0.3331225 0.4661713 0.3388861 0.4348395 0.3284267 0.4329154 0.3226631 0.4642472
5 0.3197741 0.5387348 0.3255377 0.5074031 0.3150783 0.5054790 0.3093147 0.5368108
3 0.6226004 0.6524429 0.6103566 0.7190017 0.6403082 0.7245113 0.6525519 0.6579527
3 0.6505779 0.5003532 0.6383342 0.5669119 0.6682858 0.5724216 0.6805295 0.5058630
3 0.6543973 0.6479212 0.6666411 0.5813626 0.6366895 0.5758528 0.6244456 0.6424114
3 0.6646671 0.4237630 0.6524233 0.4903216 0.6823750 0.4958314 0.6946187 0.4292727
3 0.6789722 0.3459984 0.6667285 0.4125570 0.6966801 0.4180667 0.7089238 0.3515081
2 0.6163875 0.6488805 0.6639184 0.3904958 0.6309667 0.3844342 0.5834358 0.6428189
2 0.3730594 0.5303464 0.4205904 0.2719618 0.3876387 0.2659002 0.3401078 0.5242848
2 0.3746204 0.6256971 0.5384402 0.7054997 0.5602665 0.6606944 0.3964468 0.5808918
2 0.6280887 0.2920045 0.4642689 0.2122020 0.4424426 0.2570074 0.6062623 0.3368099
5 0.4092071 0.2427237 0.4303848 0.2530401 0.4373663 0.2387083 0.4161886 0.2283919
