1 0.4311731 0.6185780 0.4380218 0.6832632 0.4651490 0.6803910 0.4583002 0.6157058
1 0.5891343 0.6456203 0.5822856 0.5809352 0.5551584 0.5838073 0.5620071 0.6484926
1 0.4239171 0.5500467 0.4307659 0.6147319 0.4578930 0.6118597 0.4510443 0.5471745
1 0.5818784 0.5770891 0.5750296 0.5124040 0.5479023 0.5152761 0.5547512 0.5799613
1 0.4505027 0.5420595 0.4436540 0.4773743 0.4165268 0.4802465 0.4233755 0.5449317
1 0.5405121 0.4454758 0.5473608 0.5101610 0.5744880 0.5072888 0.5676393 0.4426036
1 0.4162161 0.4762489 0.4602976 0.4423797 0.4367717 0.4117602 0.3926902 0.4456294
1 0.5673664 0.4400268 0.5605177 0.3753417 0.5333905 0.3782138 0.5402392 0.4428989
4 0.3432132 0.4524909 0.3386762 0.4096396 0.3138696 0.4122661 0.3184067 0.4551174
4 0.3380803 0.4040116 0.3335433 0.3611602 0.3087368 0.3637866 0.3132738 0.4066380
0 0.4510089 0.4056258 0.4779375 0.6599623 0.5565979 0.6516339 0.5296692 0.3972973
5 0.3257717 0.4824673 0.3289939 0.5129006 0.3391609 0.5118241 0.3359387 0.4813908
5 0.3469554 0.5854419 0.3437332 0.5550086 0.3335662 0.5560851 0.3367884 0.5865184
5 0.3410909 0.6271545 0.3443131 0.6575877 0.3544801 0.6565112 0.3512579 0.6260780
5 0.3622288 0.7296957 0.3590065 0.6992625 0.3488395 0.7003390 0.3520618 0.7307721
3 0.6937525 0.6683159 0.6869898 0.6044449 0.6578507 0.6075301 0.6646133 0.6714011
3 0.6416100 0.4541388 0.6483725 0.5180098 0.6775117 0.5149246 0.6707491 0.4510536
3 0.6496722 0.5302844 0.6564348 0.5941554 0.6855739 0.5910703 0.6788113 0.5271993
3 0.6693330 0.4376790 0.6625704 0.3738080 0.6334313 0.3768932 0.6401939 0.4407642
3 0.6251274 0.2984630 0.6318899 0.3623340 0.6610291 0.3592488 0.6542665 0.2953778
2 0.5931783 0.3653865 0.6204726 0.6231753 0.6525781 0.6197760 0.6252839 0.3619872
2 0.4071935 0.6885920 0.3798993 0.4308032 0.3477938 0.4342025 0.3750880 0.6919913
2 0.4455130 0.7618914 0.6075682 0.7164444 0.5938308 0.6674594 0.4317755 0.7129065
2 0.5544605 0.2956145 0.3924052 0.3410615 0.4061427 0.3900465 0.5681980 0.3445995
5 0.3651470 0.4034756 0.3852102 0.3978491 0.3808363 0.3822523 0.3607731 0.3878788
