1 0.4449921 0.6135207 0.4498112 0.5451647 0.4209017 0.5431266 0.4160826 0.6114826
1 0.5784611 0.6384435 0.5832801 0.5700875 0.5543707 0.5680494 0.5495517 0.6364055
1 0.4501930 0.5397485 0.4550121 0.4713925 0.4261027 0.4693543 0.4212835 0.5377104
1 0.5836620 0.5646713 0.5884811 0.4963152 0.5595716 0.4942772 0.5547525 0.5626333
1 0.4313998 0.3942161 0.4265808 0.4625722 0.4554902 0.4646103 0.4603093 0.3962542
1 0.5889592 0.4895331 0.5937783 0.4211770 0.5648688 0.4191388 0.5600498 0.4874949
1 0.4605947 0.3922043 0.4654138 0.3238482 0.4365044 0.3218102 0.4316853 0.3901662
1 0.5699735 0.3467330 0.5651544 0.4150890 0.5940638 0.4171271 0.5988829 0.3487711
4 0.3620052 0.3211977 0.3651365 0.2767828 0.3387016 0.2749192 0.3355704 0.3193341
4 0.3656844 0.2690108 0.3688156 0.2245959 0.3423808 0.2227322 0.3392496 0.2671472
0 0.5446852 0.6191306 0.5636765 0.3497484 0.4798438 0.3438382 0.4608526 0.6132204
5 0.3467868 0.3817607 0.3490586 0.3495356 0.3382277 0.3487720 0.3359559 0.3809971
5 0.3326409 0.4280198 0.3303691 0.4602448 0.3411999 0.4610084 0.3434718 0.4287834
5 0.3358063 0.5375129 0.3380782 0.5052878 0.3272474 0.5045242 0.3249755 0.5367493
5 0.3216934 0.5833055 0.3194215 0.6155306 0.3302524 0.6162941 0.3325242 0.5840690
3 0.6552339 0.6425562 0.6504961 0.7097605 0.6815432 0.7119493 0.6862810 0.6447450
3 0.6668749 0.4774342 0.6621371 0.5446385 0.6931841 0.5468273 0.6979220 0.4796230
3 0.6874054 0.6287963 0.6921433 0.5615920 0.6610962 0.5594032 0.6563584 0.6266075
3 0.6990464 0.4636742 0.7037842 0.3964700 0.6727371 0.3942812 0.6679993 0.4614854
3 0.7049985 0.3792462 0.7097363 0.3120419 0.6786893 0.3098531 0.6739514 0.3770574
2 0.6335742 0.3632455 0.6141110 0.6393221 0.6483287 0.6417344 0.6677919 0.3656578
2 0.3841745 0.5924087 0.4036377 0.3163320 0.3694200 0.3139197 0.3499568 0.5899963
2 0.5855113 0.6687330 0.4130787 0.6365345 0.4029804 0.6906140 0.5754129 0.7228126
2 0.4312000 0.2903321 0.6036326 0.3225306 0.6137308 0.2684509 0.4412983 0.2362525
