1 0.4288006 0.6552520 0.4335416 0.7244208 0.4626004 0.7224290 0.4578594 0.6532602
1 0.5630063 0.6308951 0.5677473 0.7000639 0.5968060 0.6980722 0.5920651 0.6289033
1 0.4575171 0.6482658 0.4527761 0.5790970 0.4237174 0.5810888 0.4284584 0.6502576
1 0.5579231 0.5567318 0.5626640 0.6259007 0.5917227 0.6239090 0.5869818 0.5547401
1 0.4523397 0.5727293 0.4475988 0.5035605 0.4185400 0.5055523 0.4232810 0.5747211
1 0.5527457 0.4811954 0.5574867 0.5503643 0.5865454 0.5483725 0.5818045 0.4792036
1 0.4135509 0.4327626 0.4182918 0.5019314 0.4473507 0.4999397 0.4426097 0.4307708
1 0.5477566 0.4084057 0.5524975 0.4775746 0.5815563 0.4755829 0.5768153 0.4064140
4 0.3494739 0.4622280 0.3463686 0.4169225 0.3197956 0.4187438 0.3229009 0.4640493
4 0.3373420 0.4136618 0.3342367 0.3683564 0.3076638 0.3701777 0.3107691 0.4154831
0 0.4586553 0.4327121 0.4772229 0.7036083 0.5614836 0.6978329 0.5429160 0.4269367
5 0.3211834 0.4980256 0.3234117 0.5305354 0.3343031 0.5297889 0.3320748 0.4972791
5 0.3266440 0.5776933 0.3288723 0.6102031 0.3397637 0.6094566 0.3375354 0.5769468
5 0.3319155 0.6546032 0.3341438 0.6871130 0.3450351 0.6863665 0.3428069 0.6538566
5 0.3373439 0.7338020 0.3395722 0.7663119 0.3504636 0.7655653 0.3482353 0.7330555
3 0.7079991 0.7331685 0.7033564 0.6654336 0.6721418 0.6675732 0.6767845 0.7353079
3 0.6607641 0.5015761 0.6654068 0.5693108 0.6966214 0.5671713 0.6919788 0.4994366
3 0.6664122 0.5839795 0.6710548 0.6517143 0.7022695 0.6495748 0.6976268 0.5818400
3 0.6908917 0.4835776 0.6862491 0.4158428 0.6550344 0.4179823 0.6596771 0.4857171
3 0.6492169 0.3331068 0.6538596 0.4008417 0.6850743 0.3987022 0.6804317 0.3309673
2 0.6123691 0.4016209 0.6313866 0.6790799 0.6657779 0.6767226 0.6467603 0.3992637
2 0.3467570 0.4498266 0.3657745 0.7272856 0.4001657 0.7249283 0.3811483 0.4474694
2 0.4380855 0.8092801 0.6113472 0.7778350 0.6014690 0.7234062 0.4282073 0.7548513
2 0.4105041 0.4068767 0.5837658 0.3754317 0.5738876 0.3210028 0.4006259 0.3524479
5 0.3841230 0.3958206 0.3632242 0.3996134 0.3663980 0.4171012 0.3872969 0.4133083
