1 0.4322161 0.5799471 0.4381600 0.5143180 0.4106323 0.5118248 0.4046884 0.5774539
1 0.5370394 0.5421436 0.5310954 0.6077726 0.5586230 0.6102657 0.5645670 0.5446367
1 0.4169601 0.4419602 0.4110160 0.5075891 0.4385437 0.5100824 0.4444878 0.4444534
1 0.5649506 0.5404011 0.5708947 0.4747720 0.5433671 0.4722789 0.5374230 0.5379079
1 0.4234049 0.3708018 0.4174609 0.4364309 0.4449885 0.4389240 0.4509325 0.3732950
1 0.5713955 0.4692427 0.5773396 0.4036136 0.5498119 0.4011204 0.5438679 0.4667495
1 0.4511990 0.3703532 0.4571430 0.3047241 0.4296153 0.3022310 0.4236713 0.3678601
1 0.5776060 0.4006719 0.5835500 0.3350428 0.5560223 0.3325497 0.5500783 0.3981787
4 0.3588166 0.2978712 0.3626848 0.2551606 0.3375105 0.2528805 0.3336422 0.2955911
4 0.3632928 0.2484485 0.3671611 0.2057378 0.3419867 0.2034577 0.3381184 0.2461685
0 0.5268840 0.5901688 0.5502166 0.3325489 0.4704003 0.3253200 0.4470677 0.5829398
5 0.3432186 0.3546912 0.3460139 0.3238276 0.3356922 0.3228927 0.3328969 0.3537564
5 0.3364213 0.4297414 0.3392166 0.3988778 0.3288949 0.3979430 0.3260995 0.4288066
5 0.3298593 0.5021936 0.3326547 0.4713299 0.3223329 0.4703951 0.3195376 0.5012587
5 0.3231020 0.5768021 0.3258973 0.5459384 0.3155756 0.5450035 0.3127803 0.5758672
3 0.6315207 0.6179065 0.6256714 0.6824905 0.6552481 0.6851692 0.6610974 0.6205852
3 0.6456836 0.4615306 0.6398342 0.5261146 0.6694109 0.5287934 0.6752604 0.4642094
3 0.6386530 0.5391579 0.6328036 0.6037419 0.6623803 0.6064206 0.6682296 0.5418366
3 0.6528159 0.3827820 0.6469666 0.4473661 0.6765432 0.4500448 0.6823925 0.3854608
3 0.6600577 0.3028260 0.6542082 0.3674099 0.6837848 0.3700887 0.6896343 0.3055048
2 0.6161680 0.3514755 0.5924184 0.6136978 0.6249946 0.6166482 0.6487441 0.3544259
2 0.3748172 0.5566431 0.3985666 0.2944208 0.3659904 0.2914704 0.3422410 0.5536928
2 0.3895297 0.6507463 0.5539517 0.6901829 0.5660740 0.6396418 0.4016520 0.6002052
2 0.4238629 0.2716665 0.5882850 0.3111030 0.6004072 0.2605619 0.4359852 0.2211254
5 0.3868238 0.2646209 0.4069932 0.2694584 0.4108673 0.2533059 0.3906979 0.2484683
