1 0.4118407 0.5963568 0.4028948 0.6654156 0.4316452 0.6691400 0.4405911 0.6000812
1 0.5618906 0.7138240 0.5708365 0.6447654 0.5420861 0.6410410 0.5331401 0.7100997
1 0.4211659 0.5243714 0.4122199 0.5934302 0.4409702 0.5971546 0.4499163 0.5280958
1 0.5712156 0.6418387 0.5801616 0.5727800 0.5514112 0.5690556 0.5424653 0.6381143
1 0.4504679 0.5238363 0.4594140 0.4547776 0.4306636 0.4510532 0.4217176 0.5201119
1 0.5807134 0.5685204 0.5896594 0.4994617 0.5609090 0.4957373 0.5519630 0.5647960
1 0.4596204 0.4531842 0.4685664 0.3841254 0.4398159 0.3804011 0.4308700 0.4494598
1 0.5898659 0.4978683 0.5988118 0.4288095 0.5700614 0.4250851 0.5611154 0.4941439
4 0.3663120 0.3691350 0.3721697 0.3239160 0.3458767 0.3205099 0.3400190 0.3657290
4 0.3729087 0.3182120 0.3787664 0.2729931 0.3524733 0.2695870 0.3466156 0.3148060
0 0.5296469 0.6898654 0.5646448 0.4196978 0.4812846 0.4088992 0.4462866 0.6790667
5 0.3412816 0.3926304 0.3370876 0.4250060 0.3478692 0.4264027 0.3520631 0.3940271
5 0.3312644 0.4699586 0.3270704 0.5023343 0.3378519 0.5037310 0.3420460 0.4713553
5 0.3281815 0.5783823 0.3323755 0.5460066 0.3215939 0.5446099 0.3173999 0.5769857
5 0.3182233 0.6552554 0.3224172 0.6228797 0.3116356 0.6214831 0.3074417 0.6538588
3 0.6372803 0.7301784 0.6284415 0.7984108 0.6593341 0.8024127 0.6681730 0.7341802
3 0.6802061 0.6412902 0.6890450 0.5730578 0.6581524 0.5690559 0.6493135 0.6372884
3 0.6698450 0.7212738 0.6786839 0.6530413 0.6477912 0.6490394 0.6389523 0.7172719
3 0.6686633 0.4879169 0.6598244 0.5561495 0.6907170 0.5601513 0.6995559 0.4919189
3 0.7013891 0.4777682 0.7102280 0.4095357 0.6793352 0.4055338 0.6704963 0.4737663
2 0.6317656 0.4517034 0.5965698 0.7233992 0.6305920 0.7278064 0.6657878 0.4561107
2 0.3598062 0.6620922 0.3950019 0.3903966 0.3609796 0.3859893 0.3257839 0.6576849
2 0.3820482 0.7382152 0.5534469 0.7970181 0.5707268 0.7466508 0.3993280 0.6878479
2 0.4326454 0.3476287 0.6040442 0.4064316 0.6213241 0.3560642 0.4499252 0.2972614
5 0.3959214 0.3371620 0.4174804 0.3445584 0.4230048 0.3284559 0.4014459 0.3210595
