1 0.4198506 0.6478385 0.4330238 0.5782259 0.4040889 0.5727504 0.3909158 0.6423631
1 0.5472094 0.7116622 0.5603824 0.6420496 0.5314476 0.6365741 0.5182745 0.7061868
1 0.4331704 0.5774503 0.4463435 0.5078377 0.4174087 0.5023623 0.4042356 0.5719748
1 0.5605291 0.6412740 0.5737021 0.5716613 0.5447673 0.5661859 0.5315943 0.6357986
1 0.4467369 0.5057586 0.4599099 0.4361460 0.4309751 0.4306705 0.4178020 0.5002832
1 0.5583338 0.4944942 0.5451607 0.5641068 0.5740955 0.5695823 0.5872686 0.4999696
1 0.4440482 0.3615859 0.4308752 0.4311986 0.4598100 0.4366740 0.4729830 0.3670613
1 0.5871686 0.5004977 0.6003417 0.4308850 0.5714068 0.4254096 0.5582338 0.4950223
4 0.3714409 0.3393128 0.3801385 0.2933502 0.3536728 0.2883421 0.3449752 0.3343046
4 0.3808634 0.2895197 0.3895610 0.2435572 0.3630953 0.2385490 0.3543977 0.2845116
0 0.4837969 0.3961507 0.4325176 0.6671357 0.5164002 0.6830090 0.5676795 0.4120240
5 0.3355509 0.4692405 0.3417034 0.4367274 0.3308413 0.4346719 0.3246887 0.4671851
5 0.3217378 0.5422356 0.3278904 0.5097225 0.3170282 0.5076670 0.3108757 0.5401802
5 0.3028041 0.5828345 0.2966515 0.6153477 0.3075136 0.6174032 0.3136662 0.5848900
3 0.6393998 0.8145130 0.6524863 0.7453572 0.6213775 0.7394704 0.6082910 0.8086262
3 0.6511908 0.5819227 0.6381042 0.6510784 0.6692129 0.6569653 0.6822995 0.5878095
3 0.6544133 0.7351743 0.6674998 0.6660185 0.6363910 0.6601317 0.6233044 0.7292874
3 0.6842264 0.5776266 0.6973130 0.5084708 0.6662042 0.5025840 0.6531176 0.5717398
3 0.6994702 0.4970713 0.7125567 0.4279155 0.6814478 0.4220287 0.6683613 0.4911845
2 0.6314017 0.4612880 0.5807167 0.7291330 0.6149492 0.7356110 0.6656342 0.4677660
2 0.3628883 0.6092947 0.4135733 0.3414498 0.3793407 0.3349718 0.3286557 0.6028168
2 0.5568064 0.7472618 0.3869418 0.6621370 0.3638296 0.7082570 0.5336942 0.7933818
2 0.6290785 0.3653412 0.4592138 0.2802162 0.4361015 0.3263361 0.6059662 0.4114611
5 0.4017901 0.3113382 0.4237918 0.3223640 0.4311853 0.3076107 0.4091836 0.2965848
