1 0.4167467 0.6041617 0.4135726 0.6726465 0.4427084 0.6739968 0.4458825 0.6055121
1 0.5518885 0.6207512 0.5487143 0.6892359 0.5778500 0.6905863 0.5810242 0.6221016
1 0.4202085 0.5294700 0.4170344 0.5979548 0.4461702 0.5993052 0.4493442 0.5308203
1 0.5813119 0.6158946 0.5844859 0.5474098 0.5553502 0.5460595 0.5521762 0.6145442
1 0.4237344 0.4533952 0.4205603 0.5218800 0.4496960 0.5232304 0.4528700 0.4547455
1 0.5848377 0.5398198 0.5880117 0.4713350 0.5588761 0.4699847 0.5557020 0.5384694
1 0.4271320 0.3800868 0.4239580 0.4485716 0.4530936 0.4499219 0.4562677 0.3814371
1 0.5882354 0.4665114 0.5914094 0.3980266 0.5622737 0.3966762 0.5590997 0.4651610
4 0.3519827 0.3851572 0.3540319 0.3409435 0.3273914 0.3397087 0.3253421 0.3839225
4 0.3544316 0.3323198 0.3564808 0.2881060 0.3298402 0.2868713 0.3277910 0.3310851
0 0.5433285 0.6734560 0.5558315 0.4036918 0.4713392 0.3997757 0.4588363 0.6695400
5 0.3381031 0.4470637 0.3395994 0.4147820 0.3286870 0.4142763 0.3271908 0.4465579
5 0.3249682 0.4945118 0.3234721 0.5267935 0.3343844 0.5272993 0.3358806 0.4950176
5 0.3213783 0.5719698 0.3198821 0.6042514 0.3307945 0.6047572 0.3322906 0.5724756
5 0.3176815 0.6517330 0.3161853 0.6840147 0.3270977 0.6845205 0.3285939 0.6522387
3 0.6835113 0.7585123 0.6866186 0.6914714 0.6553338 0.6900214 0.6522266 0.7570623
3 0.6630821 0.5228414 0.6599749 0.5898823 0.6912598 0.5913323 0.6943670 0.5242914
3 0.6874134 0.6743229 0.6905205 0.6072820 0.6592357 0.6058320 0.6561285 0.6728729
3 0.6951618 0.5071428 0.6982689 0.4401019 0.6669841 0.4386519 0.6638769 0.5056928
3 0.6709459 0.3531715 0.6678387 0.4202124 0.6991235 0.4216624 0.7022307 0.3546215
2 0.6267570 0.4097820 0.6138484 0.6883005 0.6483362 0.6898990 0.6612448 0.4113804
2 0.3808714 0.6570661 0.3937800 0.3785475 0.3592923 0.3769491 0.3463837 0.6554676
2 0.4040060 0.7548951 0.5770710 0.7761398 0.5838728 0.7207299 0.4108079 0.6994852
2 0.4227893 0.3496240 0.5958541 0.3708687 0.6026560 0.3154589 0.4295911 0.2942141
5 0.3812067 0.3466515 0.4016941 0.3491665 0.4038689 0.3314503 0.3833815 0.3289354
