1 0.4045258 0.5538337 0.3943271 0.6231361 0.4233232 0.6274031 0.4335218 0.5581007
1 0.5349322 0.6046693 0.5247336 0.6739718 0.5537296 0.6782389 0.5639282 0.6089364
1 0.4339311 0.5553199 0.4441296 0.4860174 0.4151335 0.4817504 0.4049350 0.5510528
1 0.5643374 0.6061556 0.5745360 0.5368532 0.5455400 0.5325861 0.5353414 0.6018885
1 0.4447353 0.4819018 0.4549339 0.4125993 0.4259379 0.4083322 0.4157393 0.4776348
1 0.5563443 0.4591680 0.5461457 0.5284705 0.5751417 0.5327376 0.5853403 0.4634351
1 0.4551467 0.4111536 0.4653453 0.3418511 0.4363493 0.3375840 0.4261507 0.4068865
1 0.5667557 0.3884198 0.5565570 0.4577222 0.5855531 0.4619893 0.5957516 0.3926869
4 0.3625953 0.3223104 0.3693236 0.2765896 0.3428101 0.2726879 0.3360819 0.3184087
4 0.3700994 0.2713183 0.3768277 0.2255973 0.3503142 0.2216956 0.3435859 0.2674165
0 0.5216639 0.6526657 0.5617389 0.3803446 0.4776534 0.3679705 0.4375784 0.6402916
5 0.3430555 0.3791788 0.3478452 0.3466319 0.3369834 0.3450335 0.3321938 0.3775804
5 0.3255883 0.4224671 0.3207986 0.4550139 0.3316604 0.4566123 0.3364500 0.4240655
5 0.3206596 0.5313652 0.3254493 0.4988183 0.3145876 0.4972199 0.3097979 0.5297668
5 0.3093315 0.6083429 0.3141212 0.5757960 0.3032595 0.5741976 0.2984698 0.6067445
3 0.6503596 0.7717657 0.6604887 0.7029358 0.6293511 0.6983535 0.6192220 0.7671835
3 0.6741027 0.6104240 0.6842319 0.5415941 0.6530944 0.5370118 0.6429652 0.6058418
3 0.6623163 0.6905165 0.6724454 0.6216865 0.6413079 0.6171042 0.6311788 0.6859342
3 0.6860595 0.5291748 0.6961886 0.4603448 0.6650511 0.4557626 0.6549220 0.5245925
3 0.6981996 0.4466796 0.7083287 0.3778496 0.6771911 0.3732674 0.6670620 0.4420974
2 0.6284984 0.4176048 0.5883622 0.6903425 0.6226834 0.6953933 0.6628197 0.4226555
2 0.3645906 0.5947821 0.4047269 0.3220443 0.3704056 0.3169935 0.3302693 0.5897313
2 0.3712774 0.6945086 0.5436697 0.7617115 0.5629821 0.7121701 0.3905899 0.6449673
2 0.4288346 0.3033907 0.6012269 0.3705937 0.6205394 0.3210523 0.4481471 0.2538494
5 0.3926734 0.2913189 0.4145228 0.2998363 0.4206509 0.2841160 0.3988015 0.2755986
