1 0.4146234 0.6123996 0.4178731 0.6805137 0.4469390 0.6791270 0.4436893 0.6110129
1 0.5494111 0.5953667 0.5526608 0.6634809 0.5817267 0.6620941 0.5784770 0.5939800
1 0.4433845 0.6046251 0.4401349 0.5365111 0.4110690 0.5378977 0.4143187 0.6060119
1 0.5458567 0.5208648 0.5491064 0.5889789 0.5781722 0.5875922 0.5749226 0.5194781
1 0.4074487 0.4620163 0.4106984 0.5301304 0.4397644 0.5287437 0.4365146 0.4606296
1 0.5422364 0.4449834 0.5454860 0.5130975 0.5745519 0.5117109 0.5713023 0.4435967
1 0.4039602 0.3888943 0.4072098 0.4570084 0.4362757 0.4556217 0.4330261 0.3875076
1 0.5387479 0.3718613 0.5419976 0.4399754 0.5710635 0.4385887 0.5678138 0.3704746
4 0.3305082 0.4160767 0.3283743 0.3713498 0.3017973 0.3726177 0.3039312 0.4173447
4 0.3279938 0.3633737 0.3258599 0.3186467 0.2992829 0.3199147 0.3014168 0.3646416
0 0.5462990 0.6580505 0.5334607 0.3889565 0.4491717 0.3929778 0.4620100 0.6620718
5 0.3101454 0.4481373 0.3116802 0.4803068 0.3225670 0.4797874 0.3210322 0.4476179
5 0.3139637 0.5281688 0.3154984 0.5603384 0.3263853 0.5598189 0.3248505 0.5276494
5 0.3300713 0.6370801 0.3285365 0.6049106 0.3176497 0.6054299 0.3191845 0.6375995
5 0.3338671 0.7166406 0.3323323 0.6844710 0.3214454 0.6849904 0.3229802 0.7171600
3 0.6922441 0.7030877 0.6890568 0.6362797 0.6578459 0.6377687 0.6610332 0.7045767
3 0.6498900 0.4710137 0.6530774 0.5378215 0.6842883 0.5363325 0.6811010 0.4695246
3 0.6538393 0.5537934 0.6570268 0.6206013 0.6882377 0.6191123 0.6850503 0.5523043
3 0.6802819 0.4523571 0.6770946 0.3855491 0.6458837 0.3870382 0.6490710 0.4538461
3 0.6762141 0.3670940 0.6730267 0.3002861 0.6418158 0.3017751 0.6450031 0.3685830
2 0.6035167 0.3682073 0.6167735 0.6460743 0.6511782 0.6444329 0.6379214 0.3665658
2 0.3367527 0.4019178 0.3500096 0.6797848 0.3844141 0.6781434 0.3711573 0.4002764
2 0.4170824 0.7582154 0.5897825 0.7363914 0.5828021 0.6811528 0.4101019 0.7029767
2 0.5668639 0.2843758 0.3941637 0.3061995 0.4011441 0.3614382 0.5738443 0.3396145
5 0.3570062 0.3690736 0.3774592 0.3664889 0.3752360 0.3488957 0.3547830 0.3514802
