1 0.4232284 0.6691043 0.4366994 0.6014669 0.4087499 0.5959003 0.3952788 0.6635377
1 0.5455106 0.7335605 0.5589817 0.6659231 0.5310321 0.6603565 0.5175611 0.7279940
1 0.4366843 0.6015432 0.4501553 0.5339057 0.4222058 0.5283391 0.4087347 0.5959766
1 0.5444880 0.5927954 0.5310169 0.6604328 0.5589665 0.6659994 0.5724375 0.5983620
1 0.4359108 0.4595269 0.4224398 0.5271644 0.4503893 0.5327309 0.4638603 0.4650935
1 0.5726715 0.5971872 0.5861426 0.5295497 0.5581930 0.5239831 0.5447220 0.5916206
1 0.4635959 0.4664211 0.4770670 0.3987836 0.4491175 0.3932170 0.4356464 0.4608545
1 0.5858781 0.5308772 0.5993492 0.4632398 0.5713997 0.4576733 0.5579286 0.5253106
4 0.3792027 0.3706520 0.3880621 0.3261693 0.3624892 0.3210760 0.3536297 0.3655587
4 0.3887214 0.3228588 0.3975809 0.2783760 0.3720079 0.2732828 0.3631485 0.3177655
0 0.5160439 0.7052292 0.5681176 0.4437698 0.4871182 0.4276374 0.4350444 0.6890969
5 0.3579183 0.4224857 0.3641875 0.3910086 0.3536708 0.3889140 0.3474016 0.4203911
5 0.3434638 0.4950613 0.3497329 0.4635843 0.3392162 0.4614897 0.3329470 0.4929668
5 0.3252620 0.5315530 0.3189929 0.5630301 0.3295096 0.5651247 0.3357787 0.5336477
5 0.3151401 0.6372732 0.3214092 0.6057961 0.3108925 0.6037016 0.3046233 0.6351786
3 0.6335343 0.8349522 0.6468785 0.7679513 0.6167902 0.7619587 0.6034459 0.8289597
3 0.6636521 0.6837323 0.6769963 0.6167313 0.6469080 0.6107388 0.6335637 0.6777397
3 0.6487011 0.7588001 0.6620454 0.6917990 0.6319571 0.6858065 0.6186128 0.7528076
3 0.6788190 0.6075801 0.6921632 0.5405791 0.6620750 0.5345865 0.6487307 0.6015876
3 0.6942185 0.5302602 0.7075627 0.4632593 0.6774744 0.4572667 0.6641302 0.5242677
2 0.6288599 0.4941335 0.5775912 0.7515512 0.6106409 0.7581335 0.6619096 0.5007159
2 0.3686270 0.6305655 0.4198957 0.3731478 0.3868459 0.3665654 0.3355772 0.6239831
2 0.3683475 0.7258941 0.5317127 0.8120055 0.5547707 0.7682613 0.3914055 0.6821499
2 0.4413579 0.3593129 0.6047232 0.4454243 0.6277812 0.4016801 0.4644159 0.3155686
5 0.4085400 0.3442889 0.4298371 0.3555149 0.4372734 0.3414073 0.4159763 0.3301814
