1 0.4220256 0.5511876 0.4248169 0.6158262 0.4523426 0.6146376 0.4495513 0.5499990
1 0.5497530 0.5365803 0.5525444 0.6012188 0.5800701 0.6000301 0.5772787 0.5353916
1 0.4492941 0.5440444 0.4465028 0.4794059 0.4189771 0.4805945 0.4217685 0.5452331
1 0.5467046 0.4659872 0.5494959 0.5306257 0.5770216 0.5294371 0.5742303 0.4647985
1 0.4461893 0.4721441 0.4433979 0.4075056 0.4158722 0.4086943 0.4186635 0.4733328
1 0.5435996 0.3940870 0.5463910 0.4587255 0.5739167 0.4575368 0.5711253 0.3928983
1 0.4128802 0.3394085 0.4156715 0.4040472 0.4431972 0.4028586 0.4404059 0.3382199
1 0.5406077 0.3248012 0.5433990 0.3894398 0.5709246 0.3882511 0.5681334 0.3236126
4 0.3431724 0.3635054 0.3413459 0.3212112 0.3161767 0.3222982 0.3180031 0.3645924
4 0.3410158 0.3135674 0.3391894 0.2712733 0.3140202 0.2723601 0.3158466 0.3146544
0 0.5465069 0.5951633 0.5355127 0.3405717 0.4556917 0.3440186 0.4666858 0.5986103
5 0.3237551 0.3939010 0.3250715 0.4243869 0.3353830 0.4239416 0.3340666 0.3934557
5 0.3270298 0.4697336 0.3283463 0.5002196 0.3386578 0.4997743 0.3373413 0.4692883
5 0.3418191 0.5729818 0.3405026 0.5424958 0.3301911 0.5429412 0.3315076 0.5734271
5 0.3450745 0.6483681 0.3437580 0.6178822 0.3334466 0.6183275 0.3347631 0.6488134
3 0.6845403 0.6395230 0.6818094 0.5762846 0.6522499 0.5775611 0.6549808 0.6407995
3 0.6454267 0.4195549 0.6481575 0.4827932 0.6777170 0.4815167 0.6749862 0.4182784
3 0.6811042 0.5599533 0.6783733 0.4967151 0.6488138 0.4979916 0.6515447 0.5612299
3 0.6419906 0.3399853 0.6447214 0.4032236 0.6742809 0.4019471 0.6715501 0.3387088
3 0.6385018 0.2591955 0.6412327 0.3224339 0.6707922 0.3211574 0.6680613 0.2579191
2 0.6019506 0.3217661 0.6133127 0.5848767 0.6458932 0.5834697 0.6345312 0.3203591
2 0.3491599 0.3506761 0.3605219 0.6137867 0.3931025 0.6123797 0.3817404 0.3492692
2 0.5841767 0.6247807 0.4208022 0.6434647 0.4267986 0.6958977 0.5901731 0.6772136
2 0.5676360 0.2417483 0.4042616 0.2604324 0.4102580 0.3128654 0.5736324 0.2941814
5 0.3684572 0.3194727 0.3877474 0.3172666 0.3858293 0.3004948 0.3665391 0.3027009
