1 0.4312392 0.5706896 0.4364836 0.5032092 0.4082333 0.5010136 0.4029889 0.5684941
1 0.5383981 0.5277916 0.5331538 0.5952719 0.5614040 0.5974675 0.5666484 0.5299871
1 0.4138232 0.4290857 0.4085789 0.4965662 0.4368292 0.4987617 0.4420735 0.4312812
1 0.5439881 0.4558637 0.5387438 0.5233442 0.5669941 0.5255396 0.5722384 0.4580592
1 0.4425227 0.4255019 0.4477670 0.3580214 0.4195167 0.3558260 0.4142724 0.4233064
1 0.5496816 0.3826039 0.5444373 0.4500844 0.5726876 0.4522799 0.5779319 0.3847995
1 0.4480091 0.3549061 0.4532534 0.2874258 0.4250031 0.2852303 0.4197588 0.3527107
1 0.5781740 0.3816841 0.5834183 0.3142037 0.5551680 0.3120081 0.5499237 0.3794886
4 0.3522589 0.2832504 0.3556508 0.2396058 0.3298139 0.2375979 0.3264220 0.2812425
0 0.5285705 0.5777899 0.5490795 0.3138945 0.4671731 0.3075290 0.4466642 0.5714245
5 0.3288456 0.3096635 0.3263831 0.3413494 0.3369806 0.3421730 0.3394431 0.3104870
5 0.3309757 0.4194395 0.3334383 0.3877536 0.3228408 0.3869300 0.3203783 0.4186159
5 0.3251788 0.4940313 0.3276412 0.4623454 0.3170438 0.4615218 0.3145813 0.4932077
5 0.3110743 0.5383334 0.3086118 0.5700193 0.3192093 0.5708429 0.3216718 0.5391570
3 0.6615987 0.6707450 0.6667376 0.6046218 0.6363769 0.6022622 0.6312380 0.6683854
3 0.6741105 0.5097511 0.6792493 0.4436278 0.6488887 0.4412683 0.6437498 0.5073916
3 0.6426777 0.5211881 0.6375388 0.5873114 0.6678994 0.5896709 0.6730382 0.5235476
3 0.6804112 0.4286770 0.6855500 0.3625538 0.6551894 0.3601943 0.6500506 0.4263176
3 0.6868086 0.3463597 0.6919475 0.2802364 0.6615868 0.2778769 0.6564480 0.3440002
2 0.6296489 0.6014220 0.6505901 0.3319638 0.6171620 0.3293659 0.5962208 0.5988241
2 0.3720340 0.5484247 0.3929752 0.2789665 0.3595471 0.2763686 0.3386059 0.5458268
2 0.5686045 0.6267800 0.4000247 0.5920994 0.3892250 0.6445957 0.5578048 0.6792765
2 0.4195555 0.2543212 0.5881354 0.2890019 0.5989351 0.2365054 0.4303553 0.2018247
5 0.4048372 0.2355791 0.3843345 0.2313612 0.3808616 0.2482423 0.4013643 0.2524602
