1 0.4017694 0.5447222 0.3905450 0.6132416 0.4192033 0.6179361 0.4304278 0.5494169
1 0.5470800 0.6734270 0.5583045 0.6049078 0.5296462 0.6002131 0.5184216 0.6687323
1 0.4307825 0.5472510 0.4420070 0.4787318 0.4133486 0.4740372 0.4021241 0.5425564
1 0.5586593 0.6027418 0.5698838 0.5342227 0.5412254 0.5295280 0.5300009 0.5980471
1 0.4425762 0.4752571 0.4538006 0.4067378 0.4251423 0.4020432 0.4139178 0.4705624
1 0.5704529 0.5307479 0.5816774 0.4622287 0.5530190 0.4575340 0.5417945 0.5260532
1 0.4539410 0.4058810 0.4651655 0.3373619 0.4365071 0.3326672 0.4252826 0.4011863
1 0.5818177 0.4613720 0.5930423 0.3928527 0.5643839 0.3881580 0.5531594 0.4566773
4 0.3639911 0.3145036 0.3714153 0.2691830 0.3452099 0.2648903 0.3377857 0.3102107
4 0.3721823 0.2645004 0.3796065 0.2191800 0.3534012 0.2148872 0.3459770 0.2602076
0 0.5158380 0.6468854 0.5598943 0.3779458 0.4767902 0.3643321 0.4327339 0.6332717
5 0.3438358 0.3697995 0.3491023 0.3376502 0.3383651 0.3358914 0.3330986 0.3680406
5 0.3259265 0.4118227 0.3206600 0.4439720 0.3313971 0.4457309 0.3366637 0.4135817
5 0.3193890 0.5190338 0.3246555 0.4868847 0.3139183 0.4851258 0.3086518 0.5172749
5 0.3015528 0.5606103 0.2962863 0.5927595 0.3070235 0.5945184 0.3122900 0.5623692
3 0.6213592 0.6964723 0.6101922 0.7646400 0.6409703 0.7696819 0.6521372 0.7015141
3 0.6668878 0.6114697 0.6780546 0.5433019 0.6472766 0.5382601 0.6361097 0.6064279
3 0.6344107 0.6167989 0.6232439 0.6849667 0.6540219 0.6900086 0.6651888 0.6218408
3 0.6799395 0.5317965 0.6911064 0.4636286 0.6603283 0.4585867 0.6491614 0.5267545
3 0.6931912 0.4509014 0.7043581 0.3827336 0.6735801 0.3776917 0.6624132 0.4458596
2 0.6148527 0.6931307 0.6587648 0.4250702 0.6248446 0.4195136 0.5809324 0.6875740
2 0.3617663 0.5833064 0.4056785 0.3152460 0.3717583 0.3096894 0.3278461 0.5777498
2 0.3660397 0.6817485 0.5357388 0.7553876 0.5564402 0.7076819 0.3867411 0.6340427
2 0.4288678 0.2982170 0.5985669 0.3718562 0.6192683 0.3241504 0.4495692 0.2505112
5 0.3938746 0.2850394 0.4155605 0.2944499 0.4221281 0.2793154 0.4004422 0.2699049
