1 0.4481039 0.6906310 0.4490239 0.6282700 0.4222195 0.6278745 0.4212995 0.6902355
1 0.5469424 0.6327453 0.5460224 0.6951063 0.5728267 0.6955018 0.5737468 0.6331408
1 0.4232364 0.5589516 0.4223163 0.6213126 0.4491207 0.6217080 0.4500408 0.5593472
1 0.5738437 0.6265789 0.5747637 0.5642179 0.5479593 0.5638224 0.5470393 0.6261835
1 0.4501564 0.5515090 0.4510764 0.4891480 0.4242720 0.4887525 0.4233520 0.5511135
1 0.5489950 0.4936234 0.5480749 0.5559844 0.5748793 0.5563799 0.5757993 0.4940188
1 0.4511544 0.4838626 0.4520745 0.4215016 0.4252701 0.4211060 0.4243500 0.4834670
1 0.5751112 0.4760297 0.5760313 0.4136687 0.5492269 0.4132732 0.5483067 0.4756342
4 0.3563220 0.4320189 0.3569116 0.3920534 0.3324026 0.3916917 0.3318130 0.4316573
4 0.3570413 0.3832623 0.3576310 0.3432969 0.3331220 0.3429353 0.3325323 0.3829007
0 0.5405929 0.6824044 0.5442125 0.4370658 0.4664809 0.4359190 0.4628613 0.6812576
5 0.3453567 0.4899966 0.3457905 0.4605943 0.3357513 0.4604462 0.3353175 0.4898485
5 0.3346590 0.5344846 0.3342252 0.5638869 0.3442644 0.5640351 0.3446982 0.5346328
5 0.3336045 0.6059601 0.3331707 0.6353624 0.3432099 0.6355105 0.3436437 0.6061082
5 0.3325185 0.6795628 0.3320848 0.7089651 0.3421240 0.7091132 0.3425578 0.6797109
3 0.6719356 0.7498256 0.6728306 0.6891575 0.6440489 0.6887329 0.6431539 0.7494010
3 0.6742115 0.5955578 0.6751066 0.5348897 0.6463249 0.5344650 0.6454298 0.5951332
3 0.6730816 0.6721386 0.6739767 0.6114705 0.6451951 0.6110458 0.6443000 0.6717139
3 0.6753576 0.5178708 0.6762527 0.4572027 0.6474711 0.4567780 0.6465760 0.5174462
3 0.6765214 0.4389925 0.6774164 0.3783244 0.6486348 0.3778997 0.6477397 0.4385679
2 0.6376070 0.6895159 0.6413808 0.4337243 0.6096525 0.4332562 0.6058787 0.6890478
2 0.3907626 0.6798759 0.3945364 0.4240842 0.3628083 0.4236161 0.3590345 0.6794077
2 0.5769503 0.7225021 0.4191707 0.7163404 0.4171573 0.7678986 0.5749368 0.7740602
2 0.4226747 0.3939287 0.5804542 0.4000905 0.5824677 0.3485323 0.4246882 0.3423704
5 0.3828706 0.3944147 0.4010220 0.3951235 0.4016690 0.3785563 0.3835176 0.3778474
