1 0.4257268 0.6252618 0.4352761 0.5582238 0.4071379 0.5542157 0.3975885 0.6212536
1 0.5339664 0.6020740 0.5244169 0.6691121 0.5525552 0.6731203 0.5621046 0.6060823
1 0.4357132 0.5551554 0.4452626 0.4881174 0.4171243 0.4841092 0.4075750 0.5511472
1 0.5625417 0.6030138 0.5720910 0.5359758 0.5439528 0.5319676 0.5344034 0.5990056
1 0.4458846 0.4837508 0.4554340 0.4167128 0.4272957 0.4127046 0.4177464 0.4797426
1 0.5727130 0.5316092 0.5822623 0.4645712 0.5541241 0.4605630 0.5445748 0.5276011
1 0.4556862 0.4149427 0.4652355 0.3479047 0.4370972 0.3438965 0.4275479 0.4109345
1 0.5825146 0.4628011 0.5920638 0.3957631 0.5639256 0.3917549 0.5543764 0.4587929
4 0.3654494 0.3296872 0.3717582 0.2853991 0.3460310 0.2817343 0.3397223 0.3260224
4 0.3725139 0.2800934 0.3788227 0.2358053 0.3530955 0.2321405 0.3467868 0.2764286
0 0.5213130 0.6486570 0.5589451 0.3844742 0.4773408 0.3728499 0.4397087 0.6370327
5 0.3467221 0.3851591 0.3512160 0.3536110 0.3406814 0.3521104 0.3361875 0.3836585
5 0.3359944 0.4604689 0.3404883 0.4289209 0.3299537 0.4274203 0.3254598 0.4589683
5 0.3256381 0.5331718 0.3301320 0.5016237 0.3195974 0.5001231 0.3151034 0.5316712
5 0.3149735 0.6080384 0.3194675 0.5764904 0.3089329 0.5749898 0.3044389 0.6065378
3 0.6260652 0.6918120 0.6165712 0.7584611 0.6467785 0.7627640 0.6562724 0.6961150
3 0.6691309 0.6058469 0.6786249 0.5391980 0.6484177 0.5348951 0.6389237 0.6015440
3 0.6373216 0.6127909 0.6278276 0.6794399 0.6580349 0.6837429 0.6675288 0.6170939
3 0.6803873 0.5268258 0.6898812 0.4601769 0.6596739 0.4558740 0.6501800 0.5225229
3 0.6918162 0.4465931 0.7013101 0.3799441 0.6711028 0.3756412 0.6616089 0.4422902
2 0.6195737 0.6890090 0.6573342 0.4239245 0.6240243 0.4191796 0.5862637 0.6842641
2 0.3685622 0.5942904 0.4063227 0.3292059 0.3730127 0.3244610 0.3352522 0.5895454
2 0.3757200 0.6910925 0.5431876 0.7542859 0.5614589 0.7058656 0.3939912 0.6426722
2 0.4299057 0.3107008 0.5973732 0.3738942 0.6156445 0.3254739 0.4481770 0.2622804
5 0.3946147 0.2992872 0.4157712 0.3072705 0.4215501 0.2919559 0.4003936 0.2839726
