1 0.4555964 0.6630354 0.4533713 0.5959900 0.4244708 0.5969492 0.4266960 0.6639946
1 0.5587583 0.5851429 0.5609835 0.6521882 0.5898840 0.6512290 0.5876588 0.5841837
1 0.4531329 0.5888065 0.4509076 0.5217612 0.4220071 0.5227205 0.4242324 0.5897657
1 0.5562946 0.5109141 0.5585199 0.5779594 0.5874204 0.5770001 0.5851951 0.5099548
1 0.4506236 0.5132033 0.4483984 0.4461579 0.4194979 0.4471171 0.4217231 0.5141624
1 0.5537854 0.4353107 0.5560106 0.5023561 0.5849111 0.5013969 0.5826859 0.4343516
1 0.4170798 0.3742630 0.4193050 0.4413084 0.4482056 0.4403492 0.4459804 0.3733038
1 0.5824931 0.4285428 0.5802679 0.3614975 0.5513673 0.3624567 0.5535926 0.4295020
4 0.3435963 0.3971014 0.3421346 0.3530593 0.3157099 0.3539363 0.3171716 0.3979784
4 0.3418536 0.3445913 0.3403918 0.3005494 0.3139671 0.3014264 0.3154289 0.3454683
0 0.5546668 0.6445513 0.5458359 0.3784780 0.4620230 0.3812597 0.4708540 0.6473330
5 0.3229136 0.4290123 0.3239674 0.4607608 0.3347893 0.4604016 0.3337355 0.4286531
5 0.3255601 0.5087506 0.3266138 0.5404990 0.3374358 0.5401399 0.3363820 0.5083914
5 0.3399906 0.6171177 0.3389369 0.5853693 0.3281150 0.5857285 0.3291687 0.6174769
5 0.3307459 0.6649975 0.3317996 0.6967458 0.3426215 0.6963866 0.3415678 0.6646383
3 0.6659830 0.6313424 0.6681659 0.6971112 0.6991944 0.6960814 0.6970116 0.6303126
3 0.6604688 0.4651984 0.6626516 0.5309674 0.6936802 0.5299375 0.6914973 0.4641685
3 0.6964175 0.6124138 0.6942347 0.5466448 0.6632060 0.5476747 0.6653889 0.6134436
3 0.6909032 0.4462698 0.6887204 0.3805010 0.6576918 0.3815308 0.6598747 0.4472997
3 0.6548723 0.2965801 0.6570552 0.3623490 0.6880838 0.3613192 0.6859010 0.2955502
2 0.6158243 0.3611366 0.6249930 0.6373850 0.6592041 0.6362495 0.6500354 0.3600011
2 0.3500503 0.3845029 0.3592190 0.6607514 0.3934301 0.6596159 0.3842614 0.3833674
2 0.4278443 0.7487643 0.5989559 0.7337204 0.5940927 0.6784059 0.4229811 0.6934497
2 0.5807253 0.2756463 0.4096137 0.2906902 0.4144769 0.3460050 0.5855884 0.3309611
5 0.3706163 0.3518328 0.3906227 0.3500740 0.3890801 0.3325276 0.3690737 0.3342865
