1 0.4414179 0.6657139 0.4431168 0.5981871 0.4140182 0.5974551 0.4123193 0.6649818
1 0.5493225 0.6064708 0.5476236 0.6739975 0.5767222 0.6747296 0.5784211 0.6072029
1 0.4158998 0.5226681 0.4142009 0.5901949 0.4432996 0.5909270 0.4449985 0.5234002
1 0.5786038 0.5999427 0.5803027 0.5324160 0.5512041 0.5316839 0.5495052 0.5992106
1 0.4452159 0.5147552 0.4469149 0.4472286 0.4178163 0.4464965 0.4161173 0.5140232
1 0.5531206 0.4555123 0.5514216 0.5230390 0.5805202 0.5237710 0.5822191 0.4562444
1 0.4470627 0.4413536 0.4487616 0.3738267 0.4196630 0.3730946 0.4179640 0.4406214
1 0.5823670 0.4503692 0.5840660 0.3828424 0.5549673 0.3821103 0.5532684 0.4496371
4 0.3463838 0.3389562 0.3196323 0.3379328 0.3179781 0.3811674 0.3447297 0.3821909
4 0.3477149 0.2860515 0.3209634 0.2850280 0.3193092 0.3282627 0.3460607 0.3292863
0 0.5418873 0.6595488 0.5486103 0.3923327 0.4642261 0.3902097 0.4575030 0.6574257
5 0.3321741 0.4448246 0.3329772 0.4129042 0.3220783 0.4126300 0.3212752 0.4445503
5 0.3301529 0.5251623 0.3309560 0.4932419 0.3200571 0.4929677 0.3192540 0.5248881
5 0.3181058 0.5705243 0.3173026 0.6024448 0.3282016 0.6027190 0.3290047 0.5707986
5 0.3160964 0.6503892 0.3152933 0.6823096 0.3261923 0.6825839 0.3269954 0.6506634
3 0.6836720 0.7365813 0.6853335 0.6705437 0.6540877 0.6697576 0.6524262 0.7357953
3 0.6878835 0.5691883 0.6895450 0.5031506 0.6582993 0.5023645 0.6566378 0.5684022
3 0.6857929 0.6522846 0.6874544 0.5862470 0.6562087 0.5854609 0.6545472 0.6514986
3 0.6900044 0.4848916 0.6916659 0.4188539 0.6604202 0.4180678 0.6587587 0.4841055
3 0.6921578 0.3993023 0.6938193 0.3332647 0.6625736 0.3324786 0.6609120 0.3985162
2 0.6470938 0.6701860 0.6540878 0.3921961 0.6196443 0.3913295 0.6126503 0.6693195
2 0.3793074 0.6523426 0.3863015 0.3743526 0.3518579 0.3734860 0.3448639 0.6514760
2 0.4061292 0.7487040 0.5779983 0.7601561 0.5817194 0.7043123 0.4098503 0.6928601
2 0.4125353 0.3186798 0.5844043 0.3301320 0.5881254 0.2742881 0.4162563 0.2628360
5 0.3948289 0.3256748 0.3748671 0.3243448 0.3736815 0.3421389 0.3936433 0.3434689
