1 0.4217694 0.4750227 0.4135171 0.5420244 0.4412464 0.5454397 0.4494987 0.4784380
1 0.5476756 0.5160717 0.5394233 0.5830734 0.5671526 0.5864887 0.5754049 0.5194870
1 0.4498149 0.4758714 0.4580671 0.4088699 0.4303378 0.4054546 0.4220855 0.4724562
1 0.5562440 0.4465035 0.5479917 0.5135052 0.5757211 0.5169204 0.5839734 0.4499187
1 0.4390648 0.3345981 0.4308125 0.4015998 0.4585419 0.4050151 0.4667943 0.3380135
1 0.5844482 0.4460640 0.5927004 0.3790624 0.5649710 0.3756471 0.5567188 0.4426487
1 0.4669516 0.3367354 0.4752039 0.2697336 0.4474745 0.2663183 0.4392222 0.3333201
1 0.5733808 0.3073673 0.5651285 0.3743690 0.5928579 0.3777843 0.6011102 0.3107826
4 0.3765715 0.2558731 0.3819425 0.2122658 0.3565790 0.2091420 0.3512082 0.2527492
4 0.3826329 0.2066600 0.3880038 0.1630528 0.3626405 0.1599289 0.3572696 0.2035361
0 0.5359582 0.5634748 0.5680628 0.3028117 0.4876758 0.2929108 0.4555712 0.5535740
5 0.3591157 0.3116191 0.3629764 0.2802733 0.3525659 0.2789910 0.3487052 0.3103369
5 0.3499112 0.3863508 0.3537720 0.3550051 0.3433615 0.3537229 0.3395008 0.3850686
5 0.3410255 0.4584954 0.3448862 0.4271497 0.3344758 0.4258675 0.3306151 0.4572132
5 0.3318753 0.5327873 0.3357360 0.5014415 0.3253256 0.5001593 0.3214649 0.5315051
3 0.6617998 0.6694760 0.6699190 0.6035560 0.6401048 0.5998840 0.6319857 0.6658039
3 0.6592832 0.4441717 0.6511641 0.5100917 0.6809782 0.5137638 0.6890973 0.4478438
3 0.6714578 0.5910617 0.6795768 0.5251417 0.6497626 0.5214696 0.6416436 0.5873896
3 0.6689410 0.3657573 0.6608220 0.4316773 0.6906362 0.4353493 0.6987553 0.3694294
3 0.7004422 0.3557326 0.7085613 0.2898126 0.6787472 0.2861405 0.6706281 0.3520605
2 0.6331341 0.3315473 0.6008236 0.5938807 0.6336294 0.5979213 0.6659399 0.3355879
2 0.3844430 0.5166796 0.4167534 0.2543463 0.3839476 0.2503058 0.3516372 0.5126390
2 0.3942882 0.6119316 0.5596798 0.6658537 0.5756474 0.6168776 0.4102558 0.5629554
2 0.4407797 0.2344605 0.6061713 0.2883826 0.6221388 0.2394063 0.4567473 0.1854842
5 0.4050282 0.2246671 0.4257909 0.2314364 0.4309360 0.2156553 0.4101733 0.2088860
