1 0.4300452 0.5601760 0.4382995 0.4910387 0.4096531 0.4876187 0.4013989 0.5567560
1 0.5399187 0.5287906 0.5316643 0.5979279 0.5603107 0.6013480 0.5685650 0.5322107
1 0.4386389 0.4881967 0.4468930 0.4190595 0.4182466 0.4156395 0.4099924 0.4847767
1 0.5485121 0.4568114 0.5402579 0.5259487 0.5689043 0.5293688 0.5771585 0.4602314
1 0.4269994 0.3423274 0.4187451 0.4114646 0.4473915 0.4148847 0.4556458 0.3457475
1 0.5572648 0.3834994 0.5490105 0.4526367 0.5776569 0.4560567 0.5859112 0.3869195
1 0.4558259 0.3442386 0.4640801 0.2751013 0.4354337 0.2716812 0.4271795 0.3408185
1 0.5860912 0.3854107 0.5943455 0.3162734 0.5656992 0.3128533 0.5574449 0.3819906
4 0.3621215 0.2616043 0.3674931 0.2166116 0.3412922 0.2134836 0.3359206 0.2584763
4 0.3682005 0.2106858 0.3735721 0.1656931 0.3473713 0.1625651 0.3419997 0.2075578
0 0.5279858 0.5778924 0.5601269 0.3086795 0.4770776 0.2987643 0.4449365 0.5679772
5 0.3442900 0.3193833 0.3481537 0.2870212 0.3374025 0.2857377 0.3335388 0.3180997
5 0.3281711 0.3630594 0.3243074 0.3954214 0.3350586 0.3967050 0.3389223 0.3643429
5 0.3261468 0.4713500 0.3300104 0.4389880 0.3192593 0.4377044 0.3153956 0.4700664
5 0.3169697 0.5482166 0.3208334 0.5158545 0.3100823 0.5145710 0.3062185 0.5469330
3 0.6357502 0.6145042 0.6276295 0.6825227 0.6584240 0.6861992 0.6665446 0.6181808
3 0.6776587 0.5250905 0.6857793 0.4570720 0.6549849 0.4533955 0.6468642 0.5214139
3 0.6454366 0.5333723 0.6373159 0.6013907 0.6681103 0.6050672 0.6762310 0.5370488
3 0.6873448 0.4439585 0.6954656 0.3759401 0.6646711 0.3722636 0.6565504 0.4402819
2 0.6290445 0.6125604 0.6614323 0.3412802 0.6275392 0.3372337 0.5951512 0.6085139
2 0.3712307 0.5310751 0.4036185 0.2597950 0.3697253 0.2557485 0.3373375 0.5270287
2 0.3819784 0.6294559 0.5529150 0.6834825 0.5689866 0.6326329 0.3980500 0.5786063
2 0.4286062 0.2389028 0.5995428 0.2929294 0.6156144 0.2420797 0.4446778 0.1880531
5 0.4180709 0.2194879 0.3966673 0.2127230 0.3914926 0.2290954 0.4128961 0.2358603
