1 0.4591023 0.6205102 0.4512875 0.5522033 0.4228143 0.5554608 0.4306291 0.6237677
1 0.5888258 0.5812101 0.5810109 0.5129033 0.5525377 0.5161608 0.5603525 0.5844676
1 0.4508999 0.5488152 0.4430851 0.4805083 0.4146119 0.4837658 0.4224266 0.5520728
1 0.5443353 0.4444659 0.5521501 0.5127727 0.5806233 0.5095152 0.5728086 0.4412083
1 0.4425456 0.4757927 0.4347307 0.4074859 0.4062575 0.4107435 0.4140724 0.4790503
1 0.5359810 0.3714433 0.5437958 0.4397503 0.5722691 0.4364927 0.5644543 0.3681858
1 0.3982070 0.3403763 0.4060219 0.4086831 0.4344951 0.4054255 0.4266803 0.3371187
1 0.5279304 0.3010762 0.5357453 0.3693832 0.5642185 0.3661256 0.5564037 0.2978187
4 0.3291758 0.3834293 0.3240101 0.3382770 0.2979687 0.3412563 0.3031345 0.3864087
4 0.3233733 0.3327119 0.3182076 0.2875596 0.2921664 0.2905389 0.2973321 0.3356912
0 0.4416737 0.3308376 0.4722561 0.5981496 0.5548074 0.5887052 0.5242250 0.3213931
5 0.3254270 0.4457507 0.3217597 0.4136947 0.3110771 0.4149169 0.3147445 0.4469728
5 0.3342383 0.5227669 0.3305709 0.4907110 0.3198883 0.4919332 0.3235558 0.5239891
5 0.3283945 0.5662833 0.3320619 0.5983392 0.3427445 0.5971171 0.3390770 0.5650612
5 0.3515038 0.6736800 0.3478364 0.6416241 0.3371539 0.6428463 0.3408213 0.6749022
3 0.6986818 0.6020598 0.6909768 0.5347116 0.6603742 0.5382127 0.6680793 0.6055610
3 0.6420150 0.3777403 0.6497201 0.4450885 0.6803227 0.4415873 0.6726176 0.3742391
3 0.6511288 0.4574012 0.6588339 0.5247495 0.6894364 0.5212483 0.6817313 0.4539000
3 0.6710773 0.3607759 0.6633722 0.2934275 0.6327696 0.2969286 0.6404747 0.3642771
3 0.6233824 0.2148780 0.6310875 0.2822263 0.6616901 0.2787251 0.6539850 0.2113768
2 0.5904774 0.2858883 0.6213694 0.5559063 0.6550603 0.5520518 0.6241683 0.2820339
2 0.3337362 0.3636687 0.3646282 0.6336867 0.3983190 0.6298323 0.3674270 0.3598142
2 0.4391708 0.7054058 0.6091556 0.6539085 0.5937431 0.6030344 0.4237584 0.6545317
2 0.3946652 0.3163951 0.5646499 0.2648978 0.5492375 0.2140236 0.3792528 0.2655210
5 0.3679774 0.3086141 0.3467799 0.3150359 0.3517126 0.3313180 0.3729101 0.3248962
