1 0.4610333 0.5968486 0.4519354 0.5270123 0.4230162 0.5307798 0.4321141 0.6006161
1 0.5919629 0.5516977 0.5828650 0.4818615 0.5539457 0.4856290 0.5630437 0.5554652
1 0.4135910 0.4584311 0.4226889 0.5282673 0.4516082 0.5244999 0.4425103 0.4546636
1 0.5445206 0.4132803 0.5536184 0.4831165 0.5825377 0.4793491 0.5734398 0.4095129
1 0.4420084 0.4508116 0.4329105 0.3809752 0.4039912 0.3847427 0.4130891 0.4545791
1 0.5349208 0.3395919 0.5440187 0.4094282 0.5729380 0.4056607 0.5638401 0.3358244
1 0.3947405 0.3137341 0.4038385 0.3835703 0.4327578 0.3798028 0.4236598 0.3099666
1 0.5636873 0.3346520 0.5545894 0.2648158 0.5256701 0.2685832 0.5347680 0.3384195
4 0.3255722 0.3613263 0.3195653 0.3152167 0.2931119 0.3186629 0.2991188 0.3647725
4 0.3189048 0.3101465 0.3128978 0.2640368 0.2864445 0.2674831 0.2924514 0.3135927
0 0.4384935 0.3009518 0.4739114 0.5728218 0.5577430 0.5619006 0.5223251 0.2900307
5 0.3227072 0.4244795 0.3184502 0.3918025 0.3075885 0.3932175 0.3118455 0.4258946
5 0.3328321 0.5021981 0.3285750 0.4695210 0.3177133 0.4709361 0.3219703 0.5036131
5 0.3274876 0.5459641 0.3317446 0.5786412 0.3426063 0.5772262 0.3383493 0.5445491
5 0.3526715 0.6544873 0.3484145 0.6218102 0.3375528 0.6232252 0.3418098 0.6559023
3 0.7036672 0.5681888 0.6947033 0.4993807 0.6636025 0.5034324 0.6725664 0.5722405
3 0.6825711 0.4062530 0.6736071 0.3374449 0.6425063 0.3414966 0.6514703 0.4103047
3 0.6529788 0.4218839 0.6619427 0.4906920 0.6930436 0.4866404 0.6840796 0.4178323
3 0.6719474 0.3247046 0.6629834 0.2558965 0.6318826 0.2599482 0.6408466 0.3287563
3 0.6611608 0.2419058 0.6521968 0.1730977 0.6210960 0.1771493 0.6300600 0.2459574
2 0.5888517 0.2505700 0.6244287 0.5236621 0.6586391 0.5192054 0.6230621 0.2461132
2 0.3297235 0.3399299 0.3653005 0.6130220 0.3995109 0.6085653 0.3639338 0.3354731
2 0.5970231 0.5727273 0.4246968 0.6321536 0.4421426 0.6827434 0.6144689 0.6233170
2 0.3910021 0.2901856 0.5633284 0.2307591 0.5458826 0.1801694 0.3735563 0.2395958
5 0.3475614 0.3071121 0.3692847 0.2996210 0.3636727 0.2833468 0.3419494 0.2908378
