1 0.4727385 0.6857069 0.4642075 0.6181859 0.4360802 0.6217397 0.4446112 0.6892607
1 0.5636629 0.5790498 0.5721937 0.6465708 0.6003210 0.6430171 0.5917901 0.5754961
1 0.4271712 0.5512256 0.4357021 0.6187465 0.4638294 0.6151928 0.4552985 0.5476719
1 0.5914120 0.5725030 0.5828811 0.5049820 0.5547538 0.5085357 0.5632847 0.5760567
1 0.4547553 0.5433731 0.4462245 0.4758521 0.4180972 0.4794058 0.4266281 0.5469269
1 0.5823380 0.5006832 0.5738071 0.4331623 0.5456797 0.4367160 0.5542107 0.5042369
1 0.4093532 0.4101976 0.4178840 0.4777187 0.4460113 0.4741650 0.4374804 0.4066439
1 0.5369357 0.3675078 0.5454667 0.4350288 0.5735939 0.4314751 0.5650629 0.3639541
4 0.3418837 0.4563532 0.3362304 0.4116081 0.3105070 0.4148581 0.3161603 0.4596033
4 0.3355814 0.4064711 0.3299281 0.3617259 0.3042047 0.3649760 0.3098580 0.4097211
0 0.5669904 0.6526889 0.5336023 0.3884266 0.4520497 0.3987303 0.4854378 0.6629926
5 0.3243181 0.4873099 0.3283206 0.5189896 0.3388693 0.5176568 0.3348668 0.4859771
5 0.3338883 0.5630577 0.3378909 0.5947373 0.3484396 0.5934045 0.3444371 0.5617249
5 0.3431273 0.6361833 0.3471299 0.6678629 0.3576787 0.6665301 0.3536761 0.6348504
5 0.3565191 0.7428599 0.3740503 0.7180393 0.3633150 0.7104567 0.3457837 0.7352773
3 0.7090623 0.6609784 0.7006354 0.5942807 0.6704110 0.5980994 0.6788379 0.6647972
3 0.6891214 0.5031491 0.6806945 0.4364514 0.6504702 0.4402701 0.6588971 0.5069678
3 0.6603692 0.5186189 0.6687961 0.5853167 0.6990204 0.5814979 0.6905934 0.5148002
3 0.6404283 0.3607895 0.6488552 0.4274873 0.6790796 0.4236686 0.6706526 0.3569708
3 0.6302323 0.2800903 0.6386592 0.3467880 0.6688836 0.3429693 0.6604567 0.2762716
2 0.5985557 0.3511100 0.6321661 0.6171324 0.6654505 0.6129271 0.6318400 0.3469048
2 0.3460515 0.4355994 0.3796621 0.7016218 0.4129464 0.6974164 0.3793359 0.4313942
2 0.4541557 0.7702113 0.6219039 0.7140817 0.6053443 0.6645920 0.4375961 0.7207216
2 0.4058158 0.3876079 0.5735641 0.3314784 0.5570045 0.2819886 0.3892562 0.3381182
5 0.3792744 0.3809800 0.3582227 0.3880238 0.3635154 0.4038421 0.3845672 0.3967982
