1 0.4158231 0.6418897 0.4160599 0.7068746 0.4441252 0.7067723 0.4438884 0.6417874
1 0.5747626 0.7055092 0.5745259 0.6405243 0.5464606 0.6406265 0.5466973 0.7056114
1 0.4438622 0.6345849 0.4436255 0.5696000 0.4155602 0.5697021 0.4157969 0.6346871
1 0.5744997 0.6333216 0.5742630 0.5683367 0.5461977 0.5684390 0.5464343 0.6334239
1 0.4435945 0.5610607 0.4433578 0.4960757 0.4152925 0.4961780 0.4155292 0.5611629
1 0.4150344 0.4253273 0.4152712 0.4903123 0.4433365 0.4902101 0.4430998 0.4252251
1 0.5456719 0.4240642 0.5459086 0.4890491 0.5739738 0.4889469 0.5737372 0.4239619
4 0.3430789 0.4407880 0.3429255 0.3987089 0.3172642 0.3988024 0.3174174 0.4408816
4 0.3428928 0.3897221 0.3427396 0.3476431 0.3170782 0.3477365 0.3172314 0.3898156
0 0.4584528 0.4384398 0.4593838 0.6940622 0.5407733 0.6937658 0.5398424 0.4381434
5 0.3220964 0.4712837 0.3222081 0.5019460 0.3327183 0.5019077 0.3326066 0.4712455
5 0.3223788 0.5488292 0.3224905 0.5794914 0.3330007 0.5794531 0.3328890 0.5487909
5 0.3226515 0.6236901 0.3227632 0.6543524 0.3332733 0.6543142 0.3331616 0.6236519
5 0.3229322 0.7007792 0.3230439 0.7314414 0.3335541 0.7314031 0.3334424 0.7007409
3 0.6491784 0.6943384 0.6494082 0.7574287 0.6795416 0.7573190 0.6793119 0.6942286
3 0.6789531 0.5957440 0.6787234 0.5326537 0.6485900 0.5327634 0.6488197 0.5958537
3 0.6488821 0.6129717 0.6491119 0.6760619 0.6792452 0.6759522 0.6790155 0.6128619
3 0.6482937 0.4513966 0.6485234 0.5144869 0.6786568 0.5143772 0.6784271 0.4512869
3 0.6783561 0.4317626 0.6781262 0.3686723 0.6479928 0.3687821 0.6482226 0.4318724
2 0.6082557 0.4286560 0.6092297 0.6961159 0.6424513 0.6959949 0.6414774 0.4285350
2 0.3497058 0.4311560 0.3506798 0.6986158 0.3839014 0.6984949 0.3829273 0.4310350
2 0.5784147 0.7333447 0.4138803 0.7349356 0.4144029 0.7889840 0.5789373 0.7873931
2 0.4129766 0.3973005 0.5775109 0.3957095 0.5769883 0.3416612 0.4124539 0.3432521
5 0.3891041 0.3822985 0.3703826 0.3824794 0.3705508 0.3998712 0.3892722 0.3996902
