1 0.4232675 0.6047993 0.4164175 0.6694665 0.4432810 0.6723120 0.4501309 0.6076449
1 0.5460153 0.6392199 0.5391655 0.7038871 0.5660290 0.7067326 0.5728788 0.6420654
1 0.4504655 0.6044856 0.4573154 0.5398184 0.4304519 0.5369729 0.4236020 0.6016401
1 0.5732134 0.6389062 0.5800633 0.5742390 0.5531998 0.5713935 0.5463499 0.6360607
1 0.4577831 0.5354033 0.4646330 0.4707360 0.4377694 0.4678904 0.4309196 0.5325577
1 0.5605174 0.5023111 0.5536675 0.5669782 0.5805310 0.5698237 0.5873809 0.5051566
1 0.4448210 0.4013202 0.4379710 0.4659874 0.4648345 0.4688329 0.4716845 0.4041657
1 0.5675689 0.4357408 0.5607190 0.5004080 0.5875825 0.5032535 0.5944324 0.4385863
4 0.3757942 0.3955039 0.3802431 0.3535036 0.3556737 0.3509011 0.3512248 0.3929014
4 0.3808767 0.3475231 0.3853255 0.3055227 0.3607560 0.3029202 0.3563072 0.3449206
0 0.4841913 0.4257674 0.4574838 0.6779031 0.5353664 0.6861528 0.5620739 0.4340171
5 0.3597686 0.4500781 0.3629765 0.4197941 0.3528966 0.4187264 0.3496887 0.4490104
5 0.3520508 0.5229388 0.3552587 0.4926547 0.3451788 0.4915870 0.3419710 0.5218711
5 0.3446003 0.5932772 0.3478081 0.5629932 0.3377282 0.5619254 0.3345204 0.5922096
5 0.3300559 0.6343573 0.3268480 0.6646414 0.3369279 0.6657091 0.3401358 0.6354250
3 0.6368966 0.7174911 0.6301662 0.7810296 0.6590407 0.7840882 0.6657711 0.7205496
3 0.6751216 0.6322744 0.6818519 0.5687359 0.6529774 0.5656774 0.6462471 0.6292159
3 0.6671388 0.7076370 0.6738692 0.6440985 0.6449946 0.6410400 0.6382642 0.7045785
3 0.6610756 0.4892262 0.6543452 0.5527648 0.6832197 0.5558233 0.6899501 0.4922848
3 0.6914420 0.4781998 0.6981724 0.4146612 0.6692979 0.4116027 0.6625675 0.4751413
2 0.6258063 0.4574457 0.5987809 0.7125828 0.6305661 0.7159497 0.6575915 0.4608126
2 0.3828708 0.3893225 0.3558454 0.6444596 0.3876305 0.6478264 0.4146559 0.3926893
2 0.3996795 0.7399268 0.5601131 0.7849151 0.5737083 0.7364328 0.4132747 0.6914445
2 0.4386621 0.3719063 0.5990958 0.4168944 0.6126910 0.3684121 0.4522574 0.3234239
5 0.4275177 0.3540438 0.4076038 0.3484597 0.4032279 0.3640648 0.4231417 0.3696489
