1 0.4701099 0.6522583 0.4598132 0.5837524 0.4310853 0.5880704 0.4413820 0.6565762
1 0.5601144 0.5366960 0.5704111 0.6052018 0.5991390 0.6008838 0.5888423 0.5323780
1 0.4203651 0.5167475 0.4306618 0.5852532 0.4593898 0.5809354 0.4490931 0.5124295
1 0.5884189 0.5295609 0.5781221 0.4610551 0.5493942 0.4653730 0.5596910 0.5338789
1 0.4094464 0.4441039 0.4197432 0.5126097 0.4484712 0.5082917 0.4381744 0.4397860
1 0.5775003 0.4569174 0.5672035 0.3884115 0.5384756 0.3927295 0.5487723 0.4612353
1 0.4379495 0.4382898 0.4276528 0.3697839 0.3989249 0.3741018 0.4092216 0.4426077
1 0.5669787 0.3869153 0.5566819 0.3184096 0.5279540 0.3227276 0.5382507 0.3912333
4 0.3313682 0.4261637 0.3244785 0.3803254 0.2982118 0.3842734 0.3051015 0.4301117
4 0.3237847 0.3757094 0.3168950 0.3298712 0.2906283 0.3338192 0.2975180 0.3796574
0 0.4418392 0.3575724 0.4823765 0.6272743 0.5656897 0.6147519 0.5251524 0.3450501
5 0.3140680 0.4579452 0.3189104 0.4901626 0.3296670 0.4885458 0.3248246 0.4563285
5 0.3255838 0.5345618 0.3304262 0.5667792 0.3411828 0.5651624 0.3363404 0.5329450
5 0.3367009 0.6085262 0.3415433 0.6407436 0.3523000 0.6391269 0.3474575 0.6069095
5 0.3637480 0.7152925 0.3589055 0.6830752 0.3481490 0.6846919 0.3529914 0.7169092
3 0.7103589 0.6124617 0.7001162 0.5443155 0.6692740 0.5489513 0.6795167 0.6170974
3 0.6452796 0.3893114 0.6555222 0.4574575 0.6863644 0.4528219 0.6761218 0.3846757
3 0.6571908 0.4685590 0.6674335 0.5367051 0.6982756 0.5320693 0.6880329 0.4639233
3 0.6331962 0.3089192 0.6434389 0.3770655 0.6742811 0.3724297 0.6640384 0.3042835
3 0.6209277 0.2272943 0.6311704 0.2954404 0.6620125 0.2908046 0.6517698 0.2226586
2 0.6648397 0.5663514 0.6242608 0.2963729 0.5902536 0.3014843 0.6308325 0.5714628
2 0.4094727 0.6680286 0.3688937 0.3980502 0.3348865 0.4031617 0.3754655 0.6731400
2 0.4531896 0.7385472 0.6238909 0.6705805 0.6044387 0.6217254 0.4337374 0.6896921
2 0.3950230 0.3515551 0.5657243 0.2835884 0.5462720 0.2347333 0.3755708 0.3027000
5 0.3521137 0.3705875 0.3737668 0.3619661 0.3676115 0.3465067 0.3459584 0.3551281
