1 0.4306023 0.6456097 0.4377485 0.5793465 0.4098879 0.5763419 0.4027417 0.6426051
1 0.5578690 0.6819674 0.5650153 0.6157043 0.5371548 0.6126996 0.5300085 0.6789628
1 0.4174748 0.5059940 0.4103285 0.5722573 0.4381890 0.5752620 0.4453353 0.5089987
1 0.4459163 0.5036115 0.4530626 0.4373484 0.4252020 0.4343436 0.4180557 0.5006068
1 0.5524687 0.4707013 0.5453225 0.5369645 0.5731830 0.5399692 0.5803292 0.4737059
1 0.4533625 0.4345667 0.4605088 0.3683034 0.4326483 0.3652987 0.4255019 0.4315619
1 0.5599151 0.4016564 0.5527688 0.4679196 0.5806292 0.4709243 0.5877755 0.4046610
4 0.3611416 0.3578591 0.3658271 0.3144134 0.3403520 0.3116660 0.3356665 0.3551117
4 0.3665085 0.3080947 0.3711940 0.2646488 0.3457189 0.2619014 0.3410334 0.3053473
0 0.5261012 0.6604507 0.5542686 0.3992711 0.4734760 0.3905579 0.4453085 0.6517375
5 0.3444088 0.4144635 0.3477731 0.3832681 0.3373370 0.3821425 0.3339726 0.4133379
5 0.3362589 0.4900327 0.3396233 0.4588373 0.3291871 0.4577118 0.3258228 0.4889072
5 0.3213193 0.5306649 0.3179550 0.5618603 0.3283912 0.5629858 0.3317555 0.5317904
5 0.3132174 0.6057892 0.3098531 0.6369847 0.3202893 0.6381102 0.3236536 0.6069148
3 0.6542063 0.7625655 0.6612750 0.6970218 0.6313571 0.6937953 0.6242885 0.7593390
3 0.6711875 0.6051083 0.6782563 0.5395646 0.6483383 0.5363381 0.6412696 0.6018817
3 0.6627578 0.6832724 0.6698264 0.6177287 0.6399086 0.6145022 0.6328400 0.6800458
3 0.6797391 0.5258152 0.6868077 0.4602715 0.6568899 0.4570450 0.6498212 0.5225887
3 0.6884217 0.4453062 0.6954904 0.3797625 0.6655725 0.3765360 0.6585038 0.4420797
2 0.6247987 0.6919412 0.6533453 0.4272440 0.6203681 0.4236875 0.5918214 0.6883847
2 0.3729197 0.6199841 0.4014664 0.3552869 0.3684891 0.3517304 0.3399425 0.6164277
2 0.3851124 0.7155997 0.5515572 0.7631498 0.5658983 0.7129499 0.3994535 0.6653998
2 0.4262775 0.3338985 0.5927223 0.3814486 0.6070635 0.3312487 0.4406187 0.2836986
5 0.3896797 0.3253708 0.4103073 0.3312638 0.4148583 0.3153334 0.3942308 0.3094404
