1 0.4734300 0.6941056 0.4589191 0.6236184 0.4295121 0.6296722 0.4440230 0.7001595
1 0.5577450 0.5597535 0.5722559 0.6302407 0.6016629 0.6241869 0.5871521 0.5536996
1 0.4588391 0.6232299 0.4443283 0.5527427 0.4149213 0.5587965 0.4294321 0.6292838
1 0.5431541 0.4888779 0.5576650 0.5593651 0.5870720 0.5533112 0.5725611 0.4828240
1 0.4000602 0.4866084 0.4145711 0.5570956 0.4439781 0.5510417 0.4294672 0.4805546
1 0.5282931 0.4166897 0.5428039 0.4871770 0.5722110 0.4811231 0.5577001 0.4106358
1 0.4296574 0.4814788 0.4151466 0.4109915 0.3857396 0.4170454 0.4002504 0.4875326
1 0.5139725 0.3471267 0.5284833 0.4176139 0.5578904 0.4115601 0.5433795 0.3410728
4 0.3208018 0.4835075 0.3110799 0.4362829 0.2841843 0.4418198 0.2939062 0.4890444
4 0.3104801 0.4333696 0.3007582 0.3861452 0.2738627 0.3916820 0.2835845 0.4389064
0 0.4275631 0.3902043 0.4840920 0.6647962 0.5693496 0.6472447 0.5128206 0.3726526
5 0.3043626 0.5155650 0.3111434 0.5485032 0.3221771 0.5462317 0.3153963 0.5132935
5 0.3378510 0.6223680 0.3310701 0.5894297 0.3200364 0.5917012 0.3268173 0.6246395
5 0.3529822 0.6958686 0.3462013 0.6629304 0.3351676 0.6652018 0.3419485 0.6981400
5 0.3507493 0.7408899 0.3575301 0.7738281 0.3685638 0.7715567 0.3617830 0.7386185
3 0.6691442 0.5572743 0.6835974 0.6274816 0.7152049 0.6209747 0.7007516 0.5507674
3 0.6364859 0.3986356 0.6509392 0.4688428 0.6825467 0.4623359 0.6680934 0.3921286
3 0.6987587 0.5410865 0.6843053 0.4708793 0.6526978 0.4773862 0.6671511 0.5475935
3 0.6200397 0.3187472 0.6344929 0.3889546 0.6661004 0.3824477 0.6516472 0.3122404
3 0.6033412 0.2376342 0.6177945 0.3078415 0.6494020 0.3013346 0.6349487 0.2311273
2 0.3223418 0.4556044 0.3779848 0.7258924 0.4127799 0.7187294 0.3571369 0.4484413
2 0.4606510 0.7817006 0.6321644 0.6881832 0.6073558 0.6426837 0.4358425 0.7362012
2 0.5281871 0.2581183 0.3566737 0.3516355 0.3814822 0.3971350 0.5529956 0.3036177
5 0.3530536 0.3960004 0.3307217 0.4081768 0.3386382 0.4226960 0.3609701 0.4105195
