1 0.4321617 0.5579157 0.4405912 0.6230435 0.4677393 0.6195297 0.4593098 0.5544020
1 0.5551521 0.5157560 0.5635816 0.5808837 0.5907297 0.5773699 0.5823002 0.5122422
1 0.4233633 0.4899380 0.4317928 0.5550658 0.4589410 0.5515519 0.4505114 0.4864241
1 0.5463536 0.4477782 0.5547831 0.5129060 0.5819312 0.5093921 0.5735018 0.4442644
1 0.4144020 0.4207013 0.4228316 0.4858292 0.4499796 0.4823154 0.4415501 0.4171876
1 0.5373924 0.3785416 0.5458219 0.4436694 0.5729700 0.4401556 0.5645405 0.3750278
1 0.4057666 0.3539825 0.4141962 0.4191102 0.4413443 0.4155964 0.4329147 0.3504687
1 0.5287569 0.3118228 0.5371864 0.3769506 0.5643346 0.3734367 0.5559050 0.3083090
4 0.3407463 0.3984959 0.3351537 0.3552865 0.3103258 0.3584999 0.3159184 0.4017094
4 0.3345223 0.3504080 0.3289297 0.3071986 0.3041018 0.3104120 0.3096944 0.3536214
0 0.5585994 0.5869941 0.5255868 0.3319328 0.4468730 0.3421207 0.4798856 0.5971820
5 0.3238696 0.4285106 0.3278255 0.4590749 0.3380069 0.4577571 0.3340510 0.4271928
5 0.3333209 0.5015339 0.3372769 0.5320982 0.3474583 0.5307804 0.3435023 0.5002161
5 0.3424452 0.5720294 0.3464011 0.6025936 0.3565825 0.6012758 0.3526266 0.5707116
5 0.3659783 0.6738693 0.3620223 0.6433049 0.3518409 0.6446228 0.3557969 0.6751871
3 0.6581427 0.5327775 0.6664764 0.5971656 0.6956483 0.5933899 0.6873146 0.5290019
3 0.6759553 0.4412373 0.6676215 0.3768494 0.6384496 0.3806251 0.6467834 0.4450130
3 0.6482255 0.4561558 0.6565593 0.5205438 0.6857311 0.5167681 0.6773974 0.4523801
3 0.6285325 0.3040032 0.6368663 0.3683913 0.6660381 0.3646156 0.6577044 0.3002276
3 0.6184633 0.2262066 0.6267970 0.2905945 0.6559690 0.2868188 0.6476352 0.2224308
2 0.6534299 0.5473951 0.6202225 0.2908292 0.5880967 0.2949873 0.6213041 0.5515531
2 0.3446815 0.3784273 0.3778887 0.6349933 0.4100145 0.6308352 0.3768072 0.3742693
2 0.4499948 0.7006298 0.6118418 0.6451504 0.5955359 0.5975822 0.4336889 0.6530616
2 0.4022557 0.3317879 0.5641027 0.2763085 0.5477968 0.2287402 0.3859498 0.2842196
5 0.3765993 0.3254403 0.3562468 0.3324168 0.3614525 0.3476031 0.3818049 0.3406266
