1 0.4360198 0.5320873 0.4504461 0.5991229 0.4781587 0.5931591 0.4637324 0.5261235
1 0.5561132 0.4636984 0.5705395 0.5307339 0.5982521 0.5247701 0.5838259 0.4577345
1 0.4217423 0.4657429 0.4361685 0.5327784 0.4638811 0.5268146 0.4494548 0.4597791
1 0.5839746 0.4584256 0.5695483 0.3913900 0.5418357 0.3973539 0.5562620 0.4643894
1 0.4072003 0.3981699 0.4216266 0.4652055 0.4493392 0.4592416 0.4349129 0.3922061
1 0.5272937 0.3297809 0.5417200 0.3968165 0.5694327 0.3908526 0.5550064 0.3238171
1 0.3931872 0.3330541 0.4076135 0.4000898 0.4353261 0.3941259 0.4208998 0.3270903
1 0.5554195 0.3257369 0.5409933 0.2587013 0.5132806 0.2646652 0.5277069 0.3317008
4 0.3326766 0.3968015 0.3230801 0.3522083 0.2977216 0.3576655 0.3073181 0.4022587
4 0.3225766 0.3498688 0.3129801 0.3052758 0.2876215 0.3107330 0.2972181 0.3553261
0 0.5680691 0.5472883 0.5124477 0.2888287 0.4321423 0.3061107 0.4877637 0.5645703
5 0.3173102 0.4269540 0.3240162 0.4581158 0.3344507 0.4558702 0.3277446 0.4247085
5 0.3326474 0.4982228 0.3393535 0.5293845 0.3497880 0.5271389 0.3430819 0.4959773
5 0.3645943 0.5959405 0.3578882 0.5647789 0.3474537 0.5670244 0.3541598 0.5981860
5 0.3627007 0.6378736 0.3694068 0.6690353 0.3798413 0.6667897 0.3731352 0.6356280
3 0.7048657 0.5184388 0.6905681 0.4520016 0.6607239 0.4584242 0.6750215 0.5248615
3 0.6287669 0.3099275 0.6430644 0.3763648 0.6729087 0.3699422 0.6586112 0.3035049
3 0.6887726 0.4436582 0.6744751 0.3772209 0.6446308 0.3836435 0.6589283 0.4500807
3 0.6126738 0.2351469 0.6269713 0.3015840 0.6568156 0.2951614 0.6425181 0.2287243
3 0.5963340 0.1592195 0.6106315 0.2256566 0.6404758 0.2192340 0.6261782 0.1527969
2 0.5714388 0.2348462 0.6259508 0.4881505 0.6587156 0.4810994 0.6042036 0.2277951
2 0.4210336 0.6164509 0.3665216 0.3631465 0.3337568 0.3701977 0.3882688 0.6235020
2 0.4665208 0.6743065 0.6273593 0.5827147 0.6033798 0.5406058 0.4425413 0.6321976
2 0.3890520 0.3143270 0.5498905 0.2227352 0.5259110 0.1806263 0.3650725 0.2722181
5 0.3489055 0.3391057 0.3700010 0.3270927 0.3622523 0.3134856 0.3411568 0.3254986
