1 0.4240125 0.5366150 0.4243284 0.6034029 0.4533637 0.6032655 0.4530478 0.5364776
1 0.5591631 0.5349231 0.5594790 0.6017111 0.5885143 0.6015738 0.5881984 0.5347858
1 0.4530104 0.5285666 0.4526945 0.4617787 0.4236592 0.4619160 0.4239751 0.5287039
1 0.5540869 0.4805161 0.5544029 0.5473040 0.5834382 0.5471666 0.5831222 0.4803787
1 0.4526505 0.4524845 0.4523346 0.3856966 0.4232993 0.3858340 0.4236152 0.4526219
1 0.5584499 0.3841422 0.5587658 0.4509301 0.5878011 0.4507927 0.5874853 0.3840048
1 0.4523037 0.3791690 0.4519878 0.3123811 0.4229525 0.3125185 0.4232684 0.3793064
1 0.5581031 0.3108267 0.5584190 0.3776146 0.5874543 0.3774772 0.5871384 0.3106893
4 0.3485218 0.3275074 0.3483162 0.2840298 0.3217679 0.2841554 0.3219735 0.3276330
4 0.3482718 0.2746649 0.3480662 0.2311873 0.3215179 0.2313128 0.3217235 0.2747905
0 0.4678838 0.3254600 0.4691341 0.5897932 0.5533366 0.5893949 0.5520863 0.3250617
5 0.3378727 0.3909274 0.3377232 0.3593190 0.3268498 0.3593705 0.3269994 0.3909789
5 0.3272294 0.4396138 0.3273789 0.4712222 0.3382523 0.4711707 0.3381028 0.4395623
5 0.3386187 0.5486361 0.3384692 0.5170277 0.3275958 0.5170791 0.3277453 0.5486875
5 0.3279732 0.5968500 0.3281227 0.6284584 0.3389960 0.6284070 0.3388465 0.5967987
3 0.6654871 0.5893184 0.6657950 0.6544024 0.6969698 0.6542549 0.6966619 0.5891709
3 0.6646963 0.4221222 0.6650041 0.4872063 0.6961790 0.4870588 0.6958712 0.4219748
3 0.6965715 0.5700575 0.6962637 0.5049735 0.6650888 0.5051210 0.6653967 0.5702049
3 0.6642980 0.3379248 0.6646058 0.4030088 0.6957806 0.4028613 0.6954728 0.3377773
3 0.6953763 0.3173727 0.6950685 0.2522886 0.6638936 0.2524360 0.6642014 0.3175201
2 0.6228504 0.3144221 0.6241596 0.5912315 0.6585295 0.5910689 0.6572202 0.3142595
2 0.3553681 0.3177704 0.3566774 0.5945798 0.3910473 0.5944172 0.3897379 0.3176079
2 0.4227175 0.6879129 0.5930089 0.6857812 0.5923088 0.6298547 0.4220174 0.6319864
2 0.4208004 0.2826028 0.5910916 0.2804711 0.5903916 0.2245445 0.4201003 0.2266762
5 0.3960726 0.2669755 0.3766732 0.2672183 0.3768967 0.2850764 0.3962961 0.2848336
