1 0.4374547 0.6596829 0.4387872 0.5950627 0.4109584 0.5944889 0.4096260 0.6591091
1 0.5669102 0.6667539 0.5682426 0.6021338 0.5404140 0.6015599 0.5390816 0.6661801
1 0.4389300 0.5881332 0.4402625 0.5235131 0.4124338 0.5229392 0.4111013 0.5875593
1 0.5683855 0.5952041 0.5697180 0.5305840 0.5418894 0.5300102 0.5405568 0.5946302
1 0.4404326 0.5152586 0.4417651 0.4506385 0.4139364 0.4500646 0.4126039 0.5146847
1 0.5698882 0.5223295 0.5712206 0.4577093 0.5433920 0.4571355 0.5420596 0.5217557
1 0.4153844 0.3798400 0.4140520 0.4444601 0.4418807 0.4450339 0.4432131 0.3804138
1 0.5448400 0.3869110 0.5435076 0.4515310 0.5713363 0.4521048 0.5726687 0.3874847
4 0.3448279 0.3482214 0.3193232 0.3475517 0.3182358 0.3889668 0.3437404 0.3896365
4 0.3458717 0.2976067 0.3203671 0.2969370 0.3192795 0.3383519 0.3447841 0.3390217
0 0.5335253 0.6526339 0.5387875 0.3974289 0.4580813 0.3957648 0.4528191 0.6509697
5 0.3320043 0.4496770 0.3326336 0.4191568 0.3222148 0.4189420 0.3215854 0.4494622
5 0.3304195 0.5265374 0.3310488 0.4960173 0.3206299 0.4958024 0.3200006 0.5263226
5 0.3288895 0.6007370 0.3295189 0.5702169 0.3190999 0.5700020 0.3184706 0.6005222
5 0.3273140 0.6771450 0.3279433 0.6466248 0.3175244 0.6464100 0.3168951 0.6769302
3 0.6408956 0.6610219 0.6395951 0.7240936 0.6694703 0.7247096 0.6707708 0.6616379
3 0.6727725 0.5645621 0.6740730 0.5014904 0.6441979 0.5008744 0.6428973 0.5639460
3 0.6425586 0.5803739 0.6412581 0.6434456 0.6711332 0.6440616 0.6724337 0.5809900
3 0.6458608 0.4202265 0.6445602 0.4832981 0.6744353 0.4839141 0.6757359 0.4208425
3 0.6761239 0.4020295 0.6774244 0.3389578 0.6475492 0.3383418 0.6462488 0.4014134
2 0.6342017 0.6615974 0.6396819 0.3958215 0.6067384 0.3951421 0.6012583 0.6609182
2 0.3505276 0.3811477 0.3450474 0.6469237 0.3779908 0.6476030 0.3834710 0.3818269
2 0.4044079 0.7394447 0.5685555 0.7484106 0.5714763 0.6949357 0.4073287 0.6859699
2 0.4124129 0.3512217 0.5765606 0.3601876 0.5794814 0.3067127 0.4153337 0.2977468
5 0.3713817 0.3510064 0.3903635 0.3520433 0.3912970 0.3349529 0.3723153 0.3339161
