1 0.4653886 0.6107675 0.4562469 0.5450036 0.4289188 0.5488024 0.4380606 0.6145663
1 0.5522112 0.5034186 0.5613531 0.5691823 0.5886811 0.5653834 0.5795392 0.4996197
1 0.4194465 0.4806621 0.4285884 0.5464258 0.4559165 0.5426270 0.4467746 0.4768632
1 0.5427390 0.4352781 0.5518809 0.5010419 0.5792090 0.4972430 0.5700671 0.4314792
1 0.4097989 0.4112598 0.4189408 0.4770237 0.4462689 0.4732248 0.4371270 0.4074609
1 0.5330914 0.3658759 0.5422333 0.4316397 0.5695613 0.4278408 0.5604195 0.3620770
1 0.4369720 0.4063463 0.4278302 0.3405826 0.4005021 0.3443815 0.4096440 0.4101452
1 0.5602645 0.3609625 0.5511227 0.2951986 0.5237946 0.2989975 0.5329365 0.3647613
4 0.3356260 0.3913528 0.3295632 0.3477387 0.3045678 0.3512133 0.3106305 0.3948274
4 0.3289253 0.3431498 0.3228625 0.2995358 0.2978671 0.3030104 0.3039298 0.3466245
0 0.5565558 0.5765367 0.5208514 0.3196895 0.4416253 0.3307028 0.4773297 0.5875499
5 0.3333983 0.4509025 0.3291148 0.4200881 0.3188573 0.4215140 0.3231408 0.4523283
5 0.3290326 0.4947119 0.3333161 0.5255263 0.3435736 0.5241004 0.3392901 0.4932860
5 0.3533966 0.5947644 0.3491130 0.5639501 0.3388556 0.5653760 0.3431391 0.5961903
5 0.3489710 0.6381431 0.3532545 0.6689574 0.3635120 0.6675315 0.3592285 0.6367172
3 0.6943334 0.5788764 0.6852973 0.5138731 0.6559182 0.5179571 0.6649544 0.5829604
3 0.6347169 0.3654405 0.6437531 0.4304439 0.6731320 0.4263600 0.6640959 0.3613566
3 0.6452416 0.4411520 0.6542777 0.5061554 0.6836568 0.5020714 0.6746206 0.4370680
3 0.6240402 0.2886356 0.6330763 0.3536389 0.6624553 0.3495549 0.6534193 0.2845517
3 0.6516150 0.2715720 0.6425788 0.2065688 0.6131998 0.2106528 0.6222360 0.2756560
2 0.6514406 0.5336214 0.6156420 0.2760966 0.5833094 0.2805912 0.6191080 0.5381160
2 0.4074273 0.6234426 0.3716286 0.3659179 0.3392960 0.3704125 0.3750947 0.6279372
2 0.4482886 0.6922191 0.6109403 0.6323470 0.5935541 0.5851148 0.4309025 0.6449870
2 0.5421585 0.2153907 0.3795069 0.2752628 0.3968930 0.3224949 0.5595447 0.2626229
5 0.3709584 0.3167205 0.3503785 0.3242960 0.3559431 0.3394131 0.3765230 0.3318377
