1 0.4387627 0.7065309 0.4438969 0.6382337 0.4154178 0.6360929 0.4102837 0.7043900
1 0.5467310 0.6622211 0.5415969 0.7305183 0.5700760 0.7326591 0.5752100 0.6643620
1 0.4208712 0.5635474 0.4157372 0.6318448 0.4442162 0.6339855 0.4493502 0.5656883
1 0.5755294 0.6601138 0.5806634 0.5918165 0.5521844 0.5896757 0.5470504 0.6579729
1 0.4264255 0.4896588 0.4212915 0.5579560 0.4497705 0.5600969 0.4549046 0.4917996
1 0.5810837 0.5862251 0.5862178 0.5179279 0.5577387 0.5157870 0.5526047 0.5840843
1 0.4551229 0.4888949 0.4602570 0.4205977 0.4317780 0.4184569 0.4266438 0.4867541
1 0.5864361 0.5150232 0.5915702 0.4467260 0.5630912 0.4445851 0.5579571 0.5128824
4 0.3583240 0.4185673 0.3616320 0.3745620 0.3355874 0.3726042 0.3322795 0.4166095
4 0.3621818 0.3672483 0.3654898 0.3232430 0.3394452 0.3212851 0.3361372 0.3652905
0 0.5368910 0.7134222 0.5568913 0.4473622 0.4743169 0.4411548 0.4543166 0.7072149
5 0.3347959 0.4450161 0.3323908 0.4770111 0.3430697 0.4778138 0.3454748 0.4458189
5 0.3289378 0.5229460 0.3265326 0.5549409 0.3372115 0.5557437 0.3396167 0.5237488
5 0.3397757 0.6125873 0.3421809 0.5805923 0.3315020 0.5797896 0.3290968 0.6117846
5 0.3257325 0.7084471 0.3281376 0.6764521 0.3174587 0.6756493 0.3150536 0.7076443
3 0.6712116 0.8068336 0.6762291 0.7400881 0.6456294 0.7377878 0.6406120 0.8045334
3 0.6834178 0.6444576 0.6884352 0.5777121 0.6578356 0.5754118 0.6528181 0.6421574
3 0.6773584 0.7250634 0.6823759 0.6583179 0.6517763 0.6560177 0.6467589 0.7227632
3 0.6895646 0.5626875 0.6945820 0.4959419 0.6639825 0.4936417 0.6589650 0.5603873
3 0.6958057 0.4796634 0.7008231 0.4129179 0.6702235 0.4106176 0.6652061 0.4773632
2 0.6255511 0.4628358 0.6051291 0.7345064 0.6388310 0.7370398 0.6592529 0.4653692
2 0.3789434 0.6853284 0.3993653 0.4136578 0.3656635 0.4111243 0.3452416 0.6827949
2 0.3966997 0.7821784 0.5666165 0.8159878 0.5771687 0.7629555 0.4072519 0.7291461
2 0.4262894 0.3885532 0.5962062 0.4223625 0.6067584 0.3693300 0.4368416 0.3355207
5 0.3871303 0.3830473 0.4077606 0.3871523 0.4111718 0.3700086 0.3905414 0.3659037
