1 0.4487184 0.6924617 0.4465154 0.6290057 0.4195834 0.6299406 0.4217864 0.6933967
1 0.5738220 0.6809647 0.5716190 0.6175085 0.5446872 0.6184435 0.5468901 0.6818997
1 0.4171837 0.5608163 0.4193867 0.6242723 0.4463187 0.6233374 0.4441156 0.5598813
1 0.5714222 0.6118404 0.5692192 0.5483841 0.5422874 0.5493191 0.5444903 0.6127753
1 0.4147395 0.4904118 0.4169425 0.5538679 0.4438745 0.5529330 0.4416715 0.4894768
1 0.5689781 0.5414360 0.5667751 0.4779798 0.5398431 0.4789148 0.5420461 0.5423709
1 0.4418909 0.4716076 0.4396879 0.4081515 0.4127560 0.4090865 0.4149590 0.4725426
1 0.5374879 0.4110706 0.5396909 0.4745268 0.5666228 0.4735917 0.5644198 0.4101356
4 0.3439930 0.4453564 0.3425609 0.4041036 0.3179342 0.4049585 0.3193663 0.4462113
4 0.3422954 0.3964573 0.3408633 0.3552045 0.3162365 0.3560595 0.3176687 0.3973122
0 0.4542768 0.4291370 0.4629065 0.6777155 0.5410042 0.6750043 0.5323744 0.4264257
5 0.3358767 0.5042598 0.3348402 0.4744053 0.3247498 0.4747556 0.3257862 0.5046102
5 0.3384545 0.5785148 0.3374180 0.5486604 0.3273276 0.5490106 0.3283641 0.5788651
5 0.3298163 0.6206950 0.3308527 0.6505495 0.3409432 0.6501992 0.3399068 0.6203446
5 0.3323789 0.6945130 0.3334154 0.7243674 0.3435059 0.7240171 0.3424694 0.6941626
3 0.6446751 0.6617241 0.6468204 0.7235196 0.6757445 0.7225155 0.6735991 0.6607200
3 0.6703731 0.5677965 0.6682278 0.5060010 0.6393037 0.5070052 0.6414491 0.5688007
3 0.6419702 0.5838099 0.6441154 0.6456054 0.6730395 0.6446013 0.6708942 0.5828058
3 0.6676683 0.4898823 0.6655229 0.4280869 0.6365989 0.4290910 0.6387442 0.4908865
3 0.6649218 0.4107735 0.6627765 0.3489780 0.6338526 0.3499821 0.6359979 0.4117776
2 0.5975755 0.4104739 0.6065083 0.6677839 0.6383850 0.6666772 0.6294522 0.4093673
2 0.3499776 0.4332283 0.3589104 0.6905382 0.3907871 0.6894315 0.3818543 0.4321216
2 0.4229910 0.7722625 0.5824910 0.7576043 0.5777592 0.7061161 0.4182592 0.7207742
2 0.4099702 0.3971993 0.5694702 0.3825411 0.5647384 0.3310528 0.4052384 0.3457109
5 0.3862703 0.3847449 0.3675799 0.3864625 0.3691052 0.4030603 0.3877956 0.4013427
