1 0.4282169 0.6414201 0.4413831 0.5735018 0.4130536 0.5680100 0.3998874 0.6359284
1 0.5526103 0.7052894 0.5657765 0.6373711 0.5374470 0.6318794 0.5242808 0.6997977
1 0.4415453 0.5726647 0.4547114 0.5047464 0.4263819 0.4992547 0.4132158 0.5671730
1 0.5659387 0.6365341 0.5791048 0.5686157 0.5507753 0.5631240 0.5376092 0.6310424
1 0.4551205 0.5026363 0.4682865 0.4347179 0.4399571 0.4292262 0.4267910 0.4971446
1 0.5795138 0.5665056 0.5926800 0.4985873 0.5643505 0.4930955 0.5511844 0.5610138
1 0.4530386 0.3617442 0.4398726 0.4296626 0.4682020 0.4351543 0.4813681 0.3672359
1 0.5774320 0.4256135 0.5642659 0.4935318 0.5925954 0.4990236 0.6057615 0.4311053
4 0.3821084 0.3388579 0.3908275 0.2938797 0.3649183 0.2888572 0.3561992 0.3338353
4 0.3915370 0.2902200 0.4002561 0.2452418 0.3743468 0.2402192 0.3656277 0.2851975
0 0.5225731 0.6769044 0.5739537 0.4118536 0.4918175 0.3959313 0.4404368 0.6609821
5 0.3607600 0.3918009 0.3669162 0.3600436 0.3562891 0.3579835 0.3501329 0.3897409
5 0.3464423 0.4656596 0.3525985 0.4339023 0.3419715 0.4318422 0.3358153 0.4635995
5 0.3326204 0.5369613 0.3387766 0.5052040 0.3281495 0.5031439 0.3219933 0.5349012
5 0.3139161 0.5765676 0.3077599 0.6083250 0.3183870 0.6103851 0.3245432 0.5786278
3 0.6250818 0.7334241 0.6119747 0.8010383 0.6424204 0.8069402 0.6555275 0.7393261
3 0.6549143 0.5795311 0.6418073 0.6471453 0.6722529 0.6530473 0.6853600 0.5854330
3 0.6574435 0.7294420 0.6705506 0.6618279 0.6401050 0.6559259 0.6269979 0.7235400
3 0.6872761 0.5755490 0.7003831 0.5079349 0.6699374 0.5020330 0.6568304 0.5696471
3 0.7025295 0.4968625 0.7156367 0.4292483 0.6851910 0.4233464 0.6720839 0.4909606
2 0.6188155 0.7294834 0.6695644 0.4676914 0.6360426 0.4611931 0.5852937 0.7229851
2 0.3898504 0.3347868 0.3391016 0.5965786 0.3726234 0.6030768 0.4233723 0.3412850
2 0.3729670 0.6999032 0.5390152 0.7851601 0.5620157 0.7403638 0.3959675 0.6551070
2 0.4452856 0.3268424 0.6113338 0.4120993 0.6343343 0.3673030 0.4682861 0.2820461
5 0.4118958 0.3117864 0.4334173 0.3228365 0.4407479 0.3085594 0.4192263 0.2975093
