1 0.4134222 0.5051074 0.4058458 0.5702311 0.4328724 0.5733753 0.4404489 0.5082517
1 0.5559135 0.6112726 0.5634899 0.5461488 0.5364633 0.5430046 0.5288869 0.6081283
1 0.4055428 0.4546956 0.3979664 0.5198194 0.4249930 0.5229636 0.4325694 0.4578398
1 0.5638235 0.5432816 0.5713999 0.4781579 0.5443733 0.4750136 0.5367968 0.5401373
1 0.4488388 0.4361343 0.4564153 0.3710105 0.4293886 0.3678663 0.4218122 0.4329901
1 0.5718800 0.4740314 0.5794564 0.4089078 0.5524297 0.4057636 0.5448533 0.4708872
1 0.4371521 0.3011345 0.4295757 0.3662583 0.4566024 0.3694025 0.4641788 0.3042787
1 0.5796434 0.4072998 0.5872199 0.3421759 0.5601932 0.3390316 0.5526168 0.4041555
4 0.3679405 0.2921737 0.3728728 0.2497784 0.3481537 0.2469026 0.3432215 0.2892979
4 0.3735361 0.2440763 0.3784683 0.2016810 0.3537493 0.1988052 0.3488171 0.2412006
0 0.4765249 0.3263875 0.4469866 0.5802873 0.5253413 0.5894030 0.5548796 0.3355032
5 0.3512740 0.3468229 0.3548228 0.3163186 0.3446806 0.3151387 0.3411319 0.3456429
5 0.3427770 0.4198602 0.3463258 0.3893560 0.3361837 0.3881761 0.3326348 0.4186803
5 0.3345740 0.4903694 0.3381228 0.4598652 0.3279807 0.4586852 0.3244319 0.4891894
5 0.3261270 0.5629770 0.3296758 0.5324727 0.3195336 0.5312928 0.3159849 0.5617970
3 0.6487283 0.6906759 0.6561841 0.6265889 0.6271325 0.6232091 0.6196767 0.6872961
3 0.6664330 0.5384938 0.6738887 0.4744068 0.6448371 0.4710270 0.6373814 0.5351140
3 0.6360483 0.5465724 0.6285926 0.6106595 0.6576441 0.6140392 0.6650998 0.5499523
3 0.6537530 0.3943903 0.6462972 0.4584773 0.6753488 0.4618571 0.6828045 0.3977701
3 0.6844012 0.3840452 0.6918570 0.3199582 0.6628054 0.3165784 0.6553497 0.3806655
2 0.6186185 0.3615704 0.5888197 0.6177086 0.6207973 0.6214287 0.6505960 0.3652906
2 0.3772814 0.5464248 0.4070801 0.2902866 0.3751025 0.2865664 0.3453038 0.5427046
2 0.5640150 0.6407422 0.4026987 0.5910561 0.3878639 0.6392205 0.5491801 0.6889066
2 0.4307827 0.2703069 0.5920990 0.3199929 0.6069338 0.2718284 0.4456175 0.2221425
5 0.3956307 0.2612929 0.4157870 0.2675012 0.4205572 0.2520137 0.4004010 0.2458055
