1 0.4263206 0.6838096 0.4360559 0.7546729 0.4652731 0.7506589 0.4555378 0.6797957
1 0.5971360 0.7027262 0.5874006 0.6318630 0.5581834 0.6358769 0.5679188 0.7067401
1 0.4163123 0.6109601 0.4260477 0.6818233 0.4552649 0.6778093 0.4455295 0.6069461
1 0.5871276 0.6298766 0.5773923 0.5590134 0.5481752 0.5630273 0.5579104 0.6338905
1 0.4061188 0.5367615 0.4158542 0.6076247 0.4450713 0.6036108 0.4353360 0.5327476
1 0.5379815 0.4888288 0.5477169 0.5596920 0.5769340 0.5556780 0.5671987 0.4848149
1 0.3962959 0.4652612 0.4060313 0.5361243 0.4352485 0.5321105 0.4255131 0.4612472
1 0.5281587 0.4173284 0.5378941 0.4881916 0.5671113 0.4841776 0.5573759 0.4133144
4 0.3270434 0.5166618 0.3206277 0.4699624 0.2938980 0.4736345 0.3003137 0.5203339
4 0.3199634 0.4651274 0.3135478 0.4184281 0.2868180 0.4221002 0.2932337 0.4687997
0 0.5627976 0.7146317 0.5250471 0.4398471 0.4403644 0.4514810 0.4781148 0.7262655
5 0.3090428 0.5485203 0.3135885 0.5816087 0.3245734 0.5800995 0.3200276 0.5470112
5 0.3197939 0.6267771 0.3243396 0.6598653 0.3353245 0.6583561 0.3307787 0.6252679
5 0.3301727 0.7023246 0.3347185 0.7354128 0.3457034 0.7339037 0.3411576 0.7008154
5 0.3501402 0.8137310 0.3582390 0.7808113 0.3471151 0.7780746 0.3390163 0.8109943
3 0.6691462 0.6529878 0.6787260 0.7227186 0.7101648 0.7183995 0.7005851 0.6486688
3 0.6467451 0.4899311 0.6563249 0.5596617 0.6877638 0.5553426 0.6781840 0.4856119
3 0.6578653 0.5708749 0.6674451 0.6406056 0.6988840 0.6362864 0.6893042 0.5665557
3 0.6354643 0.4078180 0.6450440 0.4775487 0.6764829 0.4732296 0.6669032 0.4034988
3 0.6240103 0.3244458 0.6335902 0.3941765 0.6650290 0.3898574 0.6554493 0.3201267
2 0.6643538 0.6696508 0.6265386 0.3943960 0.5919838 0.3991433 0.6297989 0.6743979
2 0.3310087 0.4940091 0.3688237 0.7692637 0.4033786 0.7645165 0.3655636 0.4892618
2 0.4469331 0.8382729 0.6208065 0.7750690 0.6024179 0.7244821 0.4285445 0.7876859
2 0.5481141 0.3292062 0.3742406 0.3924101 0.3926292 0.4429971 0.5665027 0.3797932
5 0.3488445 0.4612778 0.3708710 0.4532711 0.3649298 0.4369267 0.3429033 0.4449334
