1 0.4237331 0.6070369 0.4198782 0.6716889 0.4472594 0.6733215 0.4511143 0.6086695
1 0.5739645 0.6933300 0.5778193 0.6286778 0.5504382 0.6270453 0.5465834 0.6916975
1 0.4514349 0.6032916 0.4552897 0.5386395 0.4279085 0.5370069 0.4240537 0.6016591
1 0.5546136 0.5570154 0.5507588 0.6216675 0.5781400 0.6233001 0.5819947 0.5586479
1 0.4556876 0.5319649 0.4595424 0.4673128 0.4321612 0.4656802 0.4283064 0.5303323
1 0.5588663 0.4856887 0.5550116 0.5503409 0.5823927 0.5519734 0.5862474 0.4873213
1 0.4597858 0.4632320 0.4636405 0.3985799 0.4362593 0.3969473 0.4324045 0.4615995
1 0.5864908 0.4832404 0.5903456 0.4185883 0.5629644 0.4169558 0.5591096 0.4816079
4 0.3656343 0.3991455 0.3681299 0.3572879 0.3430926 0.3557951 0.3405969 0.3976527
4 0.3685880 0.3496059 0.3710836 0.3077483 0.3460463 0.3062555 0.3435507 0.3481131
0 0.5417578 0.6761125 0.5569323 0.4216053 0.4775310 0.4168711 0.4623564 0.6713783
5 0.3518335 0.4568187 0.3536493 0.4263636 0.3433914 0.4257520 0.3415756 0.4562071
5 0.3473482 0.5320464 0.3491640 0.5015913 0.3389061 0.5009797 0.3370903 0.5314348
5 0.3345761 0.5736032 0.3327602 0.6040583 0.3430181 0.6046699 0.3448340 0.5742148
5 0.3385592 0.6794548 0.3403751 0.6489997 0.3301171 0.6483881 0.3283013 0.6788432
3 0.6723506 0.7605988 0.6761312 0.6971911 0.6467260 0.6954379 0.6429455 0.7588456
3 0.6560717 0.5386921 0.6522911 0.6020998 0.6816963 0.6038531 0.6854769 0.5404454
3 0.6770570 0.6816640 0.6808376 0.6182563 0.6514324 0.6165031 0.6476518 0.6799108
3 0.6607781 0.4597573 0.6569975 0.5231650 0.6864027 0.5249183 0.6901833 0.4615105
3 0.6911812 0.4447730 0.6949618 0.3813653 0.6655566 0.3796120 0.6617760 0.4430197
2 0.6401668 0.6949619 0.6557672 0.4333109 0.6233582 0.4313786 0.6077577 0.6930295
2 0.3725908 0.3917791 0.3569904 0.6534300 0.3893994 0.6553624 0.4049999 0.3937114
2 0.4089696 0.7479352 0.5720283 0.7736843 0.5801832 0.7220423 0.4171245 0.6962932
2 0.4316250 0.3679585 0.5946837 0.3937078 0.6028386 0.3420658 0.4397800 0.3163167
5 0.3932241 0.3638896 0.4127464 0.3669725 0.4153521 0.3504720 0.3958298 0.3473891
