1 0.4524743 0.6931220 0.4543698 0.6293120 0.4273088 0.6285082 0.4254133 0.6923181
1 0.5782415 0.7030081 0.5801371 0.6391981 0.5530760 0.6383942 0.5511805 0.7022042
1 0.4293728 0.5590284 0.4274773 0.6228384 0.4545383 0.6236422 0.4564338 0.5598323
1 0.5551401 0.5689145 0.5532446 0.6327245 0.5803056 0.6335284 0.5822011 0.5697184
1 0.4314749 0.4882622 0.4295794 0.5520722 0.4566404 0.5528761 0.4585359 0.4890661
1 0.5824077 0.5627621 0.5843032 0.4989522 0.5572422 0.4981483 0.5553467 0.5619582
1 0.4586661 0.4846832 0.4605617 0.4208732 0.4335006 0.4200693 0.4316051 0.4838793
1 0.5844335 0.4945692 0.5863290 0.4307592 0.5592679 0.4299554 0.5573725 0.4937653
4 0.3407645 0.3871698 0.3388299 0.4275477 0.3637640 0.4287423 0.3656986 0.3883644
4 0.3422245 0.3380195 0.3402900 0.3783973 0.3652241 0.3795919 0.3671587 0.3392141
0 0.4748534 0.4367977 0.4674452 0.6861826 0.5459161 0.6885137 0.5533243 0.4391288
5 0.3518272 0.4867472 0.3527177 0.4567714 0.3425779 0.4564702 0.3416874 0.4864460
5 0.3496101 0.5613838 0.3505006 0.5314081 0.3403608 0.5311068 0.3394703 0.5610826
5 0.3382204 0.6031597 0.3373299 0.6331356 0.3474697 0.6334367 0.3483602 0.6034609
5 0.3452656 0.7076340 0.3461561 0.6776583 0.3360163 0.6773571 0.3351258 0.7073328
3 0.6774210 0.7618549 0.6792629 0.6998523 0.6501986 0.6989889 0.6483567 0.7609915
3 0.6548184 0.5434748 0.6529765 0.6054774 0.6820408 0.6063408 0.6838827 0.5443382
3 0.6525251 0.6206743 0.6506832 0.6826769 0.6797474 0.6835403 0.6815893 0.6215377
3 0.6571448 0.4651601 0.6553029 0.5271627 0.6843672 0.5280261 0.6862090 0.4660234
3 0.6867293 0.4485106 0.6885711 0.3865079 0.6595068 0.3856445 0.6576650 0.4476472
2 0.6193413 0.4400873 0.6116641 0.6985252 0.6436930 0.6994767 0.6513701 0.4410388
2 0.3947816 0.6799108 0.4024588 0.4214728 0.3704299 0.4205214 0.3627528 0.6789593
2 0.5830935 0.7305193 0.4230589 0.7179396 0.4189851 0.7697648 0.5790197 0.7823446
2 0.4301840 0.3927739 0.5902186 0.4053535 0.5942924 0.3535281 0.4342578 0.3409485
5 0.3907194 0.3918444 0.4094004 0.3933129 0.4107182 0.3765490 0.3920372 0.3750805
