1 0.4381743 0.6582567 0.4457219 0.5917192 0.4179845 0.5885729 0.4104369 0.6551104
1 0.5645981 0.6962331 0.5721456 0.6296955 0.5444082 0.6265492 0.5368606 0.6930867
1 0.4461001 0.5883856 0.4536476 0.5218481 0.4259102 0.5187018 0.4183626 0.5852393
1 0.5523340 0.5566781 0.5447864 0.6232157 0.5725238 0.6263620 0.5800713 0.5598245
1 0.4541725 0.5172207 0.4617201 0.4506832 0.4339826 0.4475369 0.4264351 0.5140743
1 0.5805963 0.5551970 0.5881438 0.4886595 0.5604064 0.4855132 0.5528589 0.5520507
1 0.4417616 0.3789598 0.4342140 0.4454973 0.4619514 0.4486437 0.4694990 0.3821062
1 0.5681854 0.4169362 0.5606378 0.4834737 0.5883752 0.4866200 0.5959227 0.4200824
4 0.3706088 0.3711442 0.3755345 0.3277201 0.3501674 0.3248426 0.3452417 0.3682667
4 0.3762155 0.3217169 0.3811412 0.2782928 0.3557741 0.2754154 0.3508483 0.3188394
0 0.5331076 0.6743788 0.5626456 0.4139784 0.4822241 0.4048559 0.4526860 0.6652563
5 0.3467952 0.3947841 0.3432548 0.4259954 0.3536580 0.4271755 0.3571983 0.3959641
5 0.3451439 0.5022326 0.3486843 0.4710213 0.3382812 0.4698412 0.3347407 0.5010526
5 0.3369247 0.5746914 0.3404651 0.5434801 0.3300619 0.5423000 0.3265215 0.5735114
5 0.3215981 0.6169153 0.3180577 0.6481266 0.3284608 0.6493067 0.3320013 0.6180954
3 0.6376453 0.7089088 0.6302046 0.7745048 0.6600110 0.7778858 0.6674517 0.7122898
3 0.6777508 0.6214956 0.6851916 0.5558996 0.6553851 0.5525185 0.6479444 0.6181145
3 0.6689445 0.6991301 0.6763853 0.6335340 0.6465788 0.6301529 0.6391380 0.6957490
3 0.6866844 0.5427397 0.6941251 0.4771438 0.6643186 0.4737628 0.6568779 0.5393587
3 0.6957549 0.4627763 0.7031956 0.3971804 0.6733892 0.3937993 0.6659485 0.4593953
2 0.6281586 0.4402081 0.5983130 0.7033209 0.6311354 0.7070440 0.6609811 0.4439313
2 0.3809248 0.6318834 0.4107706 0.3687707 0.3779481 0.3650475 0.3481023 0.6281602
2 0.3922181 0.7271119 0.5578322 0.7768606 0.5727382 0.7272384 0.4071241 0.6774898
2 0.6157424 0.3481237 0.4501283 0.2983750 0.4352224 0.3479972 0.6008365 0.3977459
5 0.3990247 0.3391929 0.4196610 0.3453919 0.4244320 0.3295094 0.4037956 0.3233104
