1 0.4282898 0.5193024 0.4299262 0.5833494 0.4572883 0.5826503 0.4556519 0.5186033
1 0.5555223 0.5106937 0.5571585 0.5747407 0.5845206 0.5740417 0.5828843 0.5099946
1 0.4264936 0.4489943 0.4281299 0.5130414 0.4554920 0.5123423 0.4538557 0.4482952
1 0.5537260 0.4403855 0.5553622 0.5044327 0.5827243 0.5037336 0.5810881 0.4396865
1 0.4536625 0.4407323 0.4520263 0.3766852 0.4246641 0.3773842 0.4263004 0.4414313
1 0.5518965 0.3687755 0.5535328 0.4328226 0.5808949 0.4321235 0.5792586 0.3680765
1 0.4229011 0.3083783 0.4245375 0.3724254 0.4518996 0.3717263 0.4502632 0.3076792
1 0.5791320 0.3631176 0.5774957 0.2990705 0.5501336 0.2997695 0.5517699 0.3638166
4 0.3531439 0.3278539 0.3520799 0.2862074 0.3270617 0.2868466 0.3281257 0.3284931
4 0.3518732 0.2781175 0.3508092 0.2364712 0.3257910 0.2371103 0.3268550 0.2787566
0 0.4654190 0.3164462 0.4718473 0.5680610 0.5511984 0.5660337 0.5447701 0.3144189
5 0.3443526 0.3878674 0.3435815 0.3576846 0.3333354 0.3579464 0.3341065 0.3881292
5 0.3462821 0.4633938 0.3455110 0.4332111 0.3352650 0.4334729 0.3360361 0.4636555
5 0.3371277 0.5063848 0.3378988 0.5365676 0.3481449 0.5363058 0.3473738 0.5061230
5 0.3390459 0.5814668 0.3398170 0.6116495 0.3500631 0.6113877 0.3492920 0.5812050
3 0.6567046 0.5562019 0.6582983 0.6185776 0.6876755 0.6178271 0.6860819 0.5554513
3 0.6836550 0.4604588 0.6820614 0.3980830 0.6526842 0.3988335 0.6542777 0.4612093
3 0.6546799 0.4769535 0.6562735 0.5393293 0.6856509 0.5385787 0.6840572 0.4762029
3 0.6816303 0.3812104 0.6800367 0.3188347 0.6506595 0.3195852 0.6522531 0.3819610
3 0.6795747 0.3007469 0.6779811 0.2383710 0.6486039 0.2391215 0.6501974 0.3014975
2 0.6111716 0.2997159 0.6178487 0.5610731 0.6502385 0.5602456 0.6435614 0.2988884
2 0.3593605 0.3167539 0.3660377 0.5781112 0.3984275 0.5772836 0.3917503 0.3159264
2 0.4302915 0.6626831 0.5919315 0.6517463 0.5883796 0.5992513 0.4267396 0.6101881
2 0.5786334 0.2177655 0.4169934 0.2287024 0.4205453 0.2811974 0.5821853 0.2702605
5 0.3966875 0.2676691 0.3779036 0.2689400 0.3790456 0.2858185 0.3978295 0.2845476
