1 0.4161183 0.5084184 0.4166755 0.5743555 0.4449569 0.5741165 0.4443997 0.5081794
1 0.5477569 0.5054712 0.5483140 0.5714084 0.5765955 0.5711694 0.5760383 0.5052323
1 0.4155037 0.4356922 0.4160610 0.5016292 0.4443424 0.5013902 0.4437851 0.4354531
1 0.5471423 0.4327451 0.5476995 0.4986821 0.5759810 0.4984431 0.5754237 0.4325061
1 0.4148777 0.3616194 0.4154350 0.4275564 0.4437164 0.4273174 0.4431592 0.3613803
1 0.5753549 0.4243703 0.5747978 0.3584332 0.5465164 0.3586723 0.5470735 0.4246093
1 0.4431132 0.3559381 0.4425560 0.2900010 0.4142746 0.2902400 0.4148318 0.3561772
1 0.5459132 0.2872929 0.5464704 0.3532301 0.5747518 0.3529910 0.5741946 0.2870539
4 0.3418273 0.3058445 0.3414672 0.2632417 0.3156091 0.2634602 0.3159692 0.3060631
4 0.3413925 0.2543976 0.3410324 0.2117947 0.3151743 0.2120132 0.3155344 0.2546161
0 0.4580844 0.3020763 0.4602673 0.5603974 0.5422867 0.5597043 0.5401038 0.3013831
5 0.3316855 0.3677464 0.3314231 0.3367013 0.3208348 0.3367907 0.3210971 0.3678359
5 0.3323456 0.4458705 0.3320833 0.4148254 0.3214950 0.4149148 0.3217573 0.4459600
5 0.3329830 0.5212901 0.3327206 0.4902450 0.3221323 0.4903345 0.3223946 0.5213796
5 0.3336393 0.5989544 0.3333769 0.5679092 0.3227886 0.5679987 0.3230509 0.5990438
3 0.6515205 0.5572485 0.6520607 0.6211687 0.6824219 0.6209121 0.6818817 0.5569919
3 0.6366100 0.3860232 0.6371502 0.4499435 0.6675113 0.4496869 0.6669711 0.3857666
3 0.6508278 0.4752746 0.6513680 0.5391947 0.6817291 0.5389382 0.6811889 0.4750180
3 0.6494523 0.3124938 0.6499925 0.3764140 0.6803536 0.3761574 0.6798134 0.3122372
3 0.6487489 0.2292629 0.6492890 0.2931831 0.6796501 0.2929266 0.6791100 0.2290064
2 0.6089938 0.2902178 0.6112724 0.5598689 0.6447518 0.5595860 0.6424732 0.2899349
2 0.3842203 0.5654187 0.3819416 0.2957676 0.3484622 0.2960505 0.3507409 0.5657016
2 0.5803436 0.5978084 0.4142308 0.6015273 0.4154496 0.6559652 0.5815623 0.6522463
2 0.4121150 0.2613590 0.5782278 0.2576399 0.5770090 0.2032020 0.4108962 0.2069210
5 0.3879174 0.2461684 0.3689270 0.2465935 0.3693208 0.2641891 0.3883113 0.2637641
