1 0.4641123 0.7328117 0.4536538 0.6620895 0.4245165 0.6663983 0.4349750 0.7371206
1 0.5554031 0.6151876 0.5658615 0.6859100 0.5949988 0.6816012 0.5845404 0.6108788
1 0.4534191 0.6605020 0.4429607 0.5897797 0.4138234 0.5940885 0.4242817 0.6648108
1 0.5447099 0.5428779 0.5551683 0.6136003 0.5843056 0.6092914 0.5738472 0.5385691
1 0.4425279 0.5868533 0.4320694 0.5161310 0.4029320 0.5204399 0.4133905 0.5911622
1 0.5624716 0.4660103 0.5175722 0.5124483 0.5455227 0.5394727 0.5904221 0.4930348
1 0.4320327 0.5158827 0.4215742 0.4451604 0.3924369 0.4494693 0.4028954 0.5201916
1 0.5233234 0.3982587 0.5337819 0.4689810 0.5629192 0.4646721 0.5524607 0.3939499
4 0.3240675 0.5032320 0.3171663 0.4565646 0.2905077 0.4605069 0.2974088 0.5071743
4 0.3165030 0.4520796 0.3096018 0.4054123 0.2829432 0.4093545 0.2898444 0.4560219
0 0.5610377 0.6952307 0.5205187 0.4212335 0.4360735 0.4337214 0.4765925 0.7077186
5 0.3063772 0.5349636 0.3112574 0.5679640 0.3222178 0.5663431 0.3173377 0.5333427
5 0.3337047 0.6440198 0.3288246 0.6110194 0.3178641 0.6126403 0.3227443 0.6456407
5 0.3447940 0.7190076 0.3399138 0.6860072 0.3289534 0.6876280 0.3338335 0.7206284
5 0.3562132 0.7962271 0.3513331 0.7632267 0.3403727 0.7648475 0.3452528 0.7978480
3 0.7077670 0.6943026 0.6974654 0.6246412 0.6661035 0.6292790 0.6764051 0.6989404
3 0.6421692 0.4674305 0.6524707 0.5370919 0.6838326 0.5324540 0.6735311 0.4627926
3 0.6540505 0.5477744 0.6643521 0.6174358 0.6957141 0.6127980 0.6854125 0.5431366
3 0.6301162 0.3859259 0.6404178 0.4555873 0.6717797 0.4509495 0.6614781 0.3812881
3 0.6178784 0.3031717 0.6281800 0.3728330 0.6595420 0.3681951 0.6492404 0.2985338
2 0.6616402 0.6469418 0.6211779 0.3733282 0.5867214 0.3784236 0.6271837 0.6520373
2 0.3276785 0.4797766 0.3681408 0.7533902 0.4025972 0.7482948 0.3621350 0.4746811
2 0.4467289 0.8201270 0.6197678 0.7524239 0.6003333 0.7027521 0.4272944 0.7704552
2 0.3887084 0.4277804 0.5617474 0.3600773 0.5423127 0.3104054 0.3692738 0.3781086
5 0.3609641 0.4224951 0.3389112 0.4311235 0.3451907 0.4471731 0.3672436 0.4385448
