1 0.4625222 0.6472731 0.4567531 0.5803612 0.4284769 0.5827993 0.4342461 0.6497111
1 0.5925598 0.6175735 0.5867906 0.5506616 0.5585144 0.5530995 0.5642835 0.6200114
1 0.4563249 0.5753938 0.4505558 0.5084818 0.4222796 0.5109198 0.4280487 0.5778317
1 0.5645320 0.4858451 0.5703011 0.5527570 0.5985773 0.5503190 0.5928082 0.4834071
1 0.4159674 0.4377094 0.4217365 0.5046214 0.4500127 0.5021834 0.4442436 0.4352714
1 0.5460049 0.4080098 0.5517740 0.4749217 0.5800502 0.4724838 0.5742811 0.4055718
1 0.4098848 0.3671613 0.4156539 0.4340732 0.4439301 0.4316352 0.4381610 0.3647233
1 0.5399223 0.3374617 0.5456914 0.4043735 0.5739675 0.4019356 0.5681984 0.3350237
4 0.3398830 0.4029689 0.3360634 0.3586683 0.3102089 0.3608974 0.3140285 0.4051981
4 0.3354990 0.3521211 0.3316794 0.3078202 0.3058248 0.3100494 0.3096444 0.3543502
0 0.5583462 0.6203716 0.5355644 0.3561412 0.4535642 0.3632112 0.4763460 0.6274415
5 0.3211779 0.4343475 0.3238993 0.4659111 0.3344893 0.4649980 0.3317679 0.4334344
5 0.3278353 0.5115619 0.3305567 0.5431255 0.3411466 0.5422125 0.3384252 0.5106488
5 0.3475736 0.6167539 0.3448522 0.5851903 0.3342622 0.5861034 0.3369837 0.6176670
5 0.3408804 0.6628634 0.3436018 0.6944270 0.3541918 0.6935139 0.3514704 0.6619503
3 0.6651545 0.5830623 0.6708478 0.6490945 0.7012090 0.6464767 0.6955157 0.5804446
3 0.6873375 0.4855915 0.6816441 0.4195594 0.6512829 0.4221771 0.6569762 0.4882092
3 0.6581690 0.5020429 0.6638622 0.5680751 0.6942235 0.5654573 0.6885302 0.4994252
3 0.6803520 0.4045720 0.6746588 0.3385398 0.6442976 0.3411576 0.6499909 0.4071897
3 0.6372050 0.2588958 0.6428983 0.3249279 0.6732596 0.3223101 0.6675662 0.2562780
2 0.6025233 0.3269870 0.6257693 0.5966013 0.6592399 0.5937155 0.6359939 0.3241012
2 0.3451606 0.3857669 0.3684066 0.6553812 0.4018773 0.6524954 0.3786313 0.3828810
2 0.5972676 0.6412070 0.4283622 0.6797839 0.4402752 0.7319437 0.6091805 0.6933668
2 0.5636410 0.2511955 0.3947356 0.2897724 0.4066485 0.3419323 0.5755539 0.3033554
5 0.3806149 0.3323517 0.3599912 0.3370618 0.3637714 0.3536133 0.3843950 0.3489032
