1 0.4460898 0.6077701 0.4446708 0.5442514 0.4173515 0.5448617 0.4187706 0.6083804
1 0.5731543 0.6002519 0.5717353 0.5367332 0.5444161 0.5373435 0.5458351 0.6008621
1 0.4157827 0.4746343 0.4172017 0.5381530 0.4445209 0.5375427 0.4431019 0.4740240
1 0.5715854 0.5300245 0.5701663 0.4665058 0.5428472 0.4671161 0.5442662 0.5306348
1 0.4141847 0.4031065 0.4156038 0.4666252 0.4429229 0.4660149 0.4415039 0.4024962
1 0.5412492 0.3955884 0.5426682 0.4591070 0.5699874 0.4584967 0.5685684 0.3949781
1 0.4413831 0.3970882 0.4399641 0.3335695 0.4126449 0.3341799 0.4140639 0.3976985
1 0.5684476 0.3895699 0.5670286 0.3260513 0.5397093 0.3266616 0.5411283 0.3901802
4 0.3429275 0.3528000 0.3420019 0.3113676 0.3170229 0.3119256 0.3179485 0.3533580
4 0.3418177 0.3031207 0.3408921 0.2616882 0.3159130 0.2622463 0.3168386 0.3036788
0 0.4550777 0.3428719 0.4606789 0.5935890 0.5399054 0.5918190 0.5343043 0.3411019
5 0.3230574 0.3828790 0.3237277 0.4128854 0.3339580 0.4126568 0.3332876 0.3826505
5 0.3247427 0.4583189 0.3254130 0.4883253 0.3356433 0.4880967 0.3349729 0.4580904
5 0.3263696 0.5311472 0.3270400 0.5611536 0.3372703 0.5609250 0.3365999 0.5309186
5 0.3280451 0.6061430 0.3287155 0.6361493 0.3389457 0.6359208 0.3382754 0.6059145
3 0.6760157 0.6450663 0.6746308 0.5830707 0.6452992 0.5837259 0.6466842 0.6457215
3 0.6417876 0.4265382 0.6431726 0.4885337 0.6725041 0.4878785 0.6711192 0.4258829
3 0.6307923 0.4875232 0.6321773 0.5495188 0.6615089 0.5488635 0.6601239 0.4868679
3 0.6707357 0.4087210 0.6693508 0.3467255 0.6400192 0.3473808 0.6414042 0.4093763
3 0.6689402 0.3283499 0.6675552 0.2663543 0.6382236 0.2670096 0.6396086 0.3290051
2 0.6006535 0.3271133 0.6064829 0.5880446 0.6388217 0.5873221 0.6329924 0.3263908
2 0.3491748 0.3419929 0.3550042 0.6029242 0.3873430 0.6022018 0.3815137 0.3412704
2 0.5769727 0.6258963 0.4157484 0.6354357 0.4188529 0.6879053 0.5800773 0.6783659
2 0.5684600 0.2448483 0.4072356 0.2543877 0.4103402 0.3068573 0.5715646 0.2973180
5 0.3866046 0.2932365 0.3679282 0.2943416 0.3689209 0.3111188 0.3875973 0.3100138
