1 0.4221562 0.5100530 0.4276894 0.5791721 0.4564473 0.5768700 0.4509142 0.5077509
1 0.5545735 0.4820040 0.5601068 0.5511231 0.5888647 0.5488210 0.5833315 0.4797018
1 0.4163003 0.4369016 0.4218335 0.5060208 0.4505914 0.5037186 0.4450582 0.4345995
1 0.5487176 0.4088528 0.5542508 0.4779718 0.5830087 0.4756696 0.5774755 0.4065506
1 0.4446270 0.4292129 0.4390939 0.3600937 0.4103359 0.3623958 0.4158690 0.4315150
1 0.5770443 0.4011636 0.5715111 0.3320445 0.5427532 0.3343467 0.5482864 0.4034658
1 0.4045884 0.2905992 0.4101215 0.3597183 0.4388795 0.3574162 0.4333464 0.2882970
1 0.5370057 0.2625501 0.5425388 0.3316692 0.5712968 0.3293671 0.5657637 0.2602479
4 0.3331768 0.3254114 0.3295632 0.2802709 0.3032610 0.2823764 0.3068745 0.3275169
4 0.3290343 0.2736636 0.3254207 0.2285230 0.2991184 0.2306286 0.3027321 0.2757692
0 0.5539765 0.5501053 0.5324478 0.2811726 0.4490731 0.2878469 0.4706019 0.5567797
5 0.3139400 0.3571243 0.3165315 0.3894965 0.3273227 0.3886327 0.3247312 0.3562604
5 0.3336132 0.4672135 0.3310218 0.4348412 0.3202307 0.4357051 0.3228221 0.4680773
5 0.3263035 0.5115656 0.3288949 0.5439378 0.3396861 0.5430740 0.3370947 0.5107017
5 0.3325570 0.5896839 0.3351485 0.6220561 0.3459397 0.6211923 0.3433482 0.5888200
3 0.6627952 0.5140077 0.6682030 0.5815611 0.6991144 0.5790866 0.6937066 0.5115332
3 0.6496881 0.3502755 0.6550959 0.4178288 0.6860073 0.4153543 0.6805995 0.3478009
3 0.6561946 0.4315545 0.6616025 0.4991080 0.6925139 0.4966334 0.6871061 0.4290799
3 0.6430874 0.2678221 0.6484952 0.3353757 0.6794067 0.3329011 0.6739989 0.2653477
3 0.6363856 0.1841047 0.6417935 0.2516581 0.6727049 0.2491836 0.6672971 0.1816301
2 0.6567160 0.5244888 0.6347709 0.2503546 0.6007444 0.2530785 0.6226896 0.5272127
2 0.3386718 0.3085915 0.3606169 0.5827257 0.3946434 0.5800018 0.3726982 0.3058676
2 0.5934919 0.5720183 0.4218629 0.6083733 0.4331551 0.6616833 0.6047841 0.6253283
2 0.4013813 0.2647701 0.5730103 0.2284151 0.5617179 0.1751050 0.3900890 0.2114601
5 0.3577647 0.2759236 0.3786921 0.2714908 0.3750380 0.2542398 0.3541106 0.2586727
