1 0.4363014 0.5585796 0.4455915 0.4881942 0.4164643 0.4843497 0.4071743 0.5547351
1 0.5680947 0.6046311 0.5773847 0.5342457 0.5482576 0.5304012 0.5389675 0.6007866
1 0.4459134 0.4857551 0.4552034 0.4153698 0.4260763 0.4115254 0.4167863 0.4819107
1 0.5578696 0.4575769 0.5485795 0.5279622 0.5777066 0.5318066 0.5869967 0.4614214
1 0.4358663 0.3373526 0.4265763 0.4077377 0.4557034 0.4115822 0.4649934 0.3411970
1 0.5676596 0.3834039 0.5583695 0.4537892 0.5874967 0.4576337 0.5967867 0.3872483
1 0.4453003 0.2658769 0.4360102 0.3362622 0.4651373 0.3401066 0.4744274 0.2697213
1 0.5770935 0.3119284 0.5678034 0.3823137 0.5969306 0.3861581 0.6062206 0.3157728
4 0.3709745 0.2532058 0.3770337 0.2072986 0.3503921 0.2037822 0.3443330 0.2496894
4 0.3777740 0.2016894 0.3838332 0.1557822 0.3571917 0.1522658 0.3511325 0.1981730
0 0.5355521 0.5797660 0.5717018 0.3058814 0.4872615 0.2947363 0.4511119 0.5686209
5 0.3521581 0.3112942 0.3565039 0.2783688 0.3455698 0.2769256 0.3412240 0.3098511
5 0.3352444 0.3551552 0.3308986 0.3880806 0.3418327 0.3895237 0.3461785 0.3565983
5 0.3318647 0.4650452 0.3362105 0.4321198 0.3252764 0.4306766 0.3209306 0.4636020
5 0.3150117 0.5084459 0.3106660 0.5413713 0.3216001 0.5428144 0.3259458 0.5098890
3 0.6666948 0.6940342 0.6758479 0.6246855 0.6445326 0.6205523 0.6353794 0.6899010
3 0.6882088 0.5310337 0.6973621 0.4616851 0.6660468 0.4575518 0.6568936 0.5269004
3 0.6553669 0.5384676 0.6462137 0.6078163 0.6775290 0.6119496 0.6866822 0.5426009
3 0.6990431 0.4489490 0.7081963 0.3796005 0.6768810 0.3754671 0.6677277 0.4448158
3 0.7100434 0.3656058 0.7191967 0.2962571 0.6878814 0.2921239 0.6787281 0.3614725
2 0.6395961 0.3387341 0.6033051 0.6136893 0.6377653 0.6182377 0.6740563 0.3432825
2 0.3787585 0.2475917 0.3424675 0.5225469 0.3769276 0.5270952 0.4132186 0.2521401
2 0.3859145 0.6272017 0.5594581 0.6878415 0.5772215 0.6370052 0.4036779 0.5763654
2 0.4380684 0.2320625 0.6116121 0.2927024 0.6293754 0.2418661 0.4558317 0.1812261
5 0.4009528 0.2210546 0.4228461 0.2287047 0.4285633 0.2123430 0.4066700 0.2046930
