1 0.4566450 0.6032794 0.4490947 0.5342117 0.4203563 0.5373533 0.4279066 0.6064210
1 0.5878225 0.5653079 0.5802721 0.4962401 0.5515338 0.4993818 0.5590841 0.5684495
1 0.4487205 0.5307876 0.4411701 0.4617199 0.4124316 0.4648616 0.4199820 0.5339292
1 0.5436091 0.4268901 0.5511595 0.4959578 0.5798979 0.4928161 0.5723476 0.4237484
1 0.4043602 0.3910275 0.4119106 0.4600952 0.4406491 0.4569536 0.4330987 0.3878859
1 0.5355378 0.3530560 0.5430881 0.4221236 0.5718265 0.4189820 0.5642762 0.3499144
1 0.3965823 0.3198783 0.4041327 0.3889461 0.4328712 0.3858045 0.4253208 0.3167366
1 0.5277599 0.2819068 0.5353101 0.3509745 0.5640486 0.3478329 0.5564983 0.2787651
4 0.3266225 0.3620805 0.3216446 0.3165441 0.2953622 0.3194172 0.3003401 0.3649536
4 0.3210166 0.3107994 0.3160386 0.2652629 0.2897562 0.2681361 0.2947341 0.3136725
0 0.5533822 0.5719280 0.5238899 0.3021432 0.4405654 0.3112521 0.4700578 0.5810368
5 0.3082204 0.3938429 0.3117609 0.4262300 0.3225390 0.4250517 0.3189985 0.3926647
5 0.3167333 0.4717152 0.3202737 0.5041022 0.3310518 0.5029240 0.3275113 0.4705369
5 0.3249514 0.5468916 0.3284919 0.5792787 0.3392700 0.5781004 0.3357295 0.5457134
5 0.3334141 0.6243056 0.3369546 0.6566926 0.3477327 0.6555144 0.3441922 0.6231273
3 0.6603087 0.5230550 0.6677391 0.5910258 0.6986203 0.5876499 0.6911899 0.5196792
3 0.6808830 0.4253939 0.6734525 0.3574232 0.6425712 0.3607991 0.6500016 0.4287698
3 0.6896881 0.5059401 0.6822576 0.4379694 0.6513763 0.4413453 0.6588068 0.5093161
3 0.6336388 0.2790894 0.6410692 0.3470602 0.6719505 0.3436843 0.6645201 0.2757136
3 0.6245695 0.1961268 0.6320000 0.2640975 0.6628813 0.2607216 0.6554508 0.1927509
2 0.6548247 0.5365427 0.6250005 0.2637224 0.5909931 0.2674400 0.6208173 0.5402603
2 0.3952057 0.6116938 0.3653815 0.3388735 0.3313741 0.3425911 0.3611983 0.6154114
2 0.4360567 0.6887779 0.6076869 0.6390966 0.5927308 0.5874289 0.4211006 0.6371102
2 0.3930582 0.2954438 0.5646884 0.2457625 0.5497323 0.1940948 0.3781022 0.2437761
5 0.3496549 0.3099331 0.3709924 0.3037566 0.3661913 0.2871705 0.3448538 0.2933469
