1 0.4428135 0.5747644 0.4477255 0.5065327 0.4191392 0.5044748 0.4142272 0.5727064
1 0.5510349 0.5296069 0.5461229 0.5978387 0.5747092 0.5998967 0.5796213 0.5316649
1 0.4243860 0.4315937 0.4194739 0.4998254 0.4480602 0.5018833 0.4529723 0.4336516
1 0.5799559 0.5270155 0.5848680 0.4587838 0.5562817 0.4567258 0.5513697 0.5249575
1 0.4534042 0.4276527 0.4583162 0.3594210 0.4297299 0.3573630 0.4248179 0.4255947
1 0.5852998 0.4527849 0.5902119 0.3845531 0.5616257 0.3824952 0.5567136 0.4507269
1 0.4585538 0.3561214 0.4634658 0.2878897 0.4348795 0.2858317 0.4299675 0.3540635
1 0.5904495 0.3812535 0.5953615 0.3130218 0.5667752 0.3109639 0.5618632 0.3791956
4 0.3612403 0.2849546 0.3644118 0.2409005 0.3382676 0.2390184 0.3350962 0.2830724
4 0.3649519 0.2333980 0.3681234 0.1893439 0.3419792 0.1874618 0.3388078 0.2315159
0 0.5413671 0.5804521 0.5605687 0.3137288 0.4776880 0.3077621 0.4584864 0.5744855
5 0.3461124 0.3448349 0.3484187 0.3127981 0.3376952 0.3120261 0.3353889 0.3440629
5 0.3404762 0.4231254 0.3427825 0.3910886 0.3320590 0.3903167 0.3297527 0.4223534
5 0.3350351 0.4987056 0.3373415 0.4666688 0.3266180 0.4658968 0.3243116 0.4979336
5 0.3210149 0.5437266 0.3187086 0.5757632 0.3294321 0.5765352 0.3317385 0.5444986
3 0.6506270 0.6034919 0.6458194 0.6702728 0.6765411 0.6724845 0.6813488 0.6057036
3 0.6882849 0.5093572 0.6930924 0.4425761 0.6623706 0.4403644 0.6575631 0.5071455
3 0.6824551 0.5903361 0.6872627 0.5235550 0.6565409 0.5213434 0.6517333 0.5881244
3 0.6941987 0.4272087 0.6990063 0.3604277 0.6682846 0.3582160 0.6634769 0.4249970
3 0.7002032 0.3438005 0.7050109 0.2770195 0.6742891 0.2748078 0.6694815 0.3415888
2 0.6438072 0.6028176 0.6634462 0.3300184 0.6296206 0.3275833 0.6099816 0.6003824
2 0.3827669 0.5530773 0.4024059 0.2802782 0.3685802 0.2778431 0.3489413 0.5506423
2 0.4011172 0.6501852 0.5716000 0.6826700 0.5817715 0.6292887 0.4112888 0.5968040
2 0.4295857 0.2547386 0.6000683 0.2872235 0.6102399 0.2338421 0.4397573 0.2013573
5 0.3901275 0.2491219 0.4107720 0.2530556 0.4140466 0.2358705 0.3934020 0.2319367
