1 0.4406098 0.6826158 0.4455563 0.6182289 0.4187067 0.6161661 0.4137602 0.6805530
1 0.5643519 0.7077762 0.5692984 0.6433893 0.5424488 0.6413267 0.5375022 0.7057135
1 0.4239588 0.5478017 0.4190122 0.6121885 0.4458618 0.6142513 0.4508084 0.5498644
1 0.5696039 0.6394117 0.5745504 0.5750249 0.5477009 0.5729622 0.5427543 0.6373489
1 0.4293081 0.4781713 0.4243616 0.5425581 0.4512112 0.5446208 0.4561577 0.4802340
1 0.5530502 0.5033318 0.5481037 0.5677186 0.5749533 0.5697813 0.5798998 0.5053945
1 0.4563660 0.4775224 0.4613125 0.4131355 0.4344630 0.4110729 0.4295164 0.4754597
1 0.5582050 0.4362334 0.5532585 0.5006202 0.5801080 0.5026830 0.5850545 0.4382961
4 0.3652289 0.4108368 0.3684181 0.3693250 0.3438628 0.3674384 0.3406736 0.4089503
4 0.3689443 0.3624753 0.3721334 0.3209633 0.3475780 0.3190769 0.3443889 0.3605888
0 0.5330997 0.6895082 0.5523748 0.4386104 0.4745281 0.4326299 0.4552530 0.6835276
5 0.3507576 0.4666259 0.3530751 0.4364599 0.3430042 0.4356862 0.3406868 0.4658522
5 0.3451156 0.5400646 0.3474331 0.5098985 0.3373623 0.5091249 0.3350448 0.5392909
5 0.3396690 0.6109610 0.3419866 0.5807949 0.3319158 0.5800213 0.3295982 0.6101873
5 0.3340604 0.6839675 0.3363779 0.6538013 0.3263071 0.6530277 0.3239895 0.6831937
3 0.6595758 0.7781039 0.6644120 0.7151528 0.6355585 0.7129362 0.6307223 0.7758873
3 0.6713314 0.6250858 0.6761676 0.5621347 0.6473142 0.5599180 0.6424780 0.6228691
3 0.6654958 0.7010462 0.6703320 0.6380951 0.6414785 0.6358784 0.6366423 0.6988295
3 0.6772513 0.5480282 0.6820875 0.4850771 0.6532341 0.4828604 0.6483979 0.5458115
3 0.6832620 0.4697889 0.6880983 0.4068378 0.6592449 0.4046211 0.6544086 0.4675723
2 0.6291557 0.7121818 0.6488286 0.4561065 0.6170572 0.4536657 0.5973843 0.7097409
2 0.3842526 0.6623856 0.4039255 0.4063102 0.3721541 0.4038694 0.3524812 0.6599448
2 0.4007345 0.7537443 0.5609449 0.7863199 0.5710961 0.7363954 0.4108857 0.7038198
2 0.4292319 0.3828043 0.5894423 0.4153798 0.5995934 0.3654552 0.4393830 0.3328796
5 0.3923978 0.3774608 0.4118767 0.3814215 0.4151565 0.3652915 0.3956775 0.3613308
