1 0.4505315 0.6951421 0.4520340 0.6295187 0.4240267 0.6288775 0.4225242 0.6945008
1 0.5807878 0.7030380 0.5822903 0.6374146 0.5542830 0.6367733 0.5527805 0.7023968
1 0.4521793 0.6231705 0.4536818 0.5575471 0.4256744 0.5569059 0.4241720 0.6225293
1 0.5559307 0.5648018 0.5544283 0.6304251 0.5824356 0.6310663 0.5839380 0.5654430
1 0.4538577 0.5498661 0.4553600 0.4842427 0.4273527 0.4836015 0.4258503 0.5492249
1 0.5576090 0.4914975 0.5561066 0.5571208 0.5841139 0.5577620 0.5856163 0.4921386
1 0.4289699 0.4129629 0.4274675 0.4785862 0.4554748 0.4792274 0.4569773 0.4136041
1 0.5592262 0.4208587 0.5577238 0.4864821 0.5857311 0.4871233 0.5872335 0.4215000
4 0.3581891 0.3812477 0.3324789 0.3804183 0.3311318 0.4221787 0.3568420 0.4230081
4 0.3593549 0.3303345 0.3336446 0.3295051 0.3322974 0.3712655 0.3580076 0.3720950
0 0.5472245 0.6886321 0.5531162 0.4312937 0.4718954 0.4294342 0.4660037 0.6867726
5 0.3448948 0.4833032 0.3456018 0.4524189 0.3351127 0.4521787 0.3344056 0.4830632
5 0.3431247 0.5606168 0.3438318 0.5297324 0.3333426 0.5294923 0.3326356 0.5603766
5 0.3414159 0.6352539 0.3421230 0.6043695 0.3316338 0.6041294 0.3309267 0.6350137
5 0.3298742 0.6809878 0.3291671 0.7118722 0.3396563 0.7121124 0.3403634 0.6812280
3 0.6552520 0.6975629 0.6537910 0.7613768 0.6838634 0.7620653 0.6853244 0.6982514
3 0.6589402 0.5364711 0.6574792 0.6002850 0.6875516 0.6009735 0.6890126 0.5371597
3 0.6857207 0.6809418 0.6871817 0.6171280 0.6571094 0.6164395 0.6556484 0.6802533
3 0.6607975 0.4553477 0.6593364 0.5191615 0.6894088 0.5198500 0.6908698 0.4560362
3 0.6912946 0.4374827 0.6927555 0.3736688 0.6626831 0.3729804 0.6612222 0.4367942
2 0.6214858 0.4300100 0.6153631 0.6974442 0.6485156 0.6982032 0.6546384 0.4307690
2 0.3636901 0.4143829 0.3575674 0.6818171 0.3907199 0.6825761 0.3968427 0.4151419
2 0.4169221 0.7751361 0.5822311 0.7851567 0.5854903 0.7313896 0.4201813 0.7213689
2 0.5944309 0.3408777 0.4291219 0.3308569 0.4258626 0.3846241 0.5911716 0.3946448
5 0.4048925 0.3681451 0.3857265 0.3669833 0.3846759 0.3843150 0.4038419 0.3854767
