1 0.4332334 0.6082892 0.4431815 0.5421494 0.4154684 0.5379811 0.4055204 0.6041209
1 0.5576926 0.6578789 0.5676408 0.5917391 0.5399279 0.5875707 0.5299797 0.6537105
1 0.4435811 0.5394925 0.4535292 0.4733526 0.4258161 0.4691843 0.4158681 0.5353242
1 0.5502757 0.5187740 0.5403275 0.5849138 0.5680404 0.5890821 0.5779886 0.5229423
1 0.4541205 0.4694217 0.4640685 0.4032820 0.4363555 0.3991137 0.4264075 0.4652534
1 0.5785798 0.5190114 0.5885279 0.4528717 0.5608150 0.4487033 0.5508668 0.5148431
1 0.4465116 0.3315912 0.4365636 0.3977309 0.4642765 0.4018992 0.4742246 0.3357595
1 0.5709711 0.3811808 0.5610230 0.4473205 0.5887359 0.4514888 0.5986840 0.3853491
4 0.3761116 0.3161713 0.3826857 0.2724642 0.3573463 0.2686529 0.3507723 0.3123600
4 0.3834317 0.2675041 0.3900057 0.2237969 0.3646664 0.2199856 0.3580923 0.2636928
0 0.5271327 0.6331602 0.5662691 0.3729625 0.4859015 0.3608744 0.4467651 0.6210721
5 0.3515698 0.3377460 0.3468930 0.3688394 0.3572714 0.3704005 0.3619483 0.3393071
5 0.3461557 0.4443035 0.3508325 0.4132101 0.3404540 0.4116490 0.3357772 0.4427425
5 0.3354247 0.5156482 0.3401015 0.4845548 0.3297230 0.4829937 0.3250462 0.5140872
5 0.3243743 0.5891162 0.3290511 0.5580228 0.3186726 0.5564618 0.3139959 0.5875552
3 0.6299006 0.6776634 0.6200088 0.7434286 0.6497644 0.7479041 0.6596562 0.6821389
3 0.6530616 0.5236778 0.6431698 0.5894430 0.6729254 0.5939186 0.6828171 0.5281534
3 0.6415641 0.6001185 0.6316724 0.6658837 0.6614279 0.6703593 0.6713197 0.6045941
3 0.6845889 0.5163738 0.6944807 0.4506085 0.6647251 0.4461330 0.6548333 0.5118982
3 0.6765676 0.3673990 0.6666758 0.4331642 0.6964313 0.4376398 0.7063231 0.3718745
2 0.6299087 0.4093788 0.5907389 0.6697987 0.6235434 0.6747328 0.6627132 0.4143130
2 0.3772206 0.5765879 0.4163904 0.3161680 0.3835859 0.3112338 0.3444161 0.5716538
2 0.3831623 0.6718937 0.5478220 0.7375007 0.5665962 0.6903814 0.4019366 0.6247743
2 0.4393083 0.2986083 0.6039680 0.3642153 0.6227422 0.3170959 0.4580826 0.2514889
5 0.4317400 0.2801782 0.4108466 0.2718534 0.4049003 0.2867774 0.4257936 0.2951022
