1 0.4171103 0.6022584 0.4202152 0.6673312 0.4479251 0.6660091 0.4448202 0.6009363
1 0.5764135 0.6497729 0.5733085 0.5847001 0.5455986 0.5860223 0.5487037 0.6510950
1 0.4445365 0.5949920 0.4414315 0.5299193 0.4137217 0.5312415 0.4168267 0.5963143
1 0.5730249 0.5787559 0.5699199 0.5136831 0.5422100 0.5150054 0.5453150 0.5800781
1 0.4410852 0.5226601 0.4379802 0.4575874 0.4102703 0.4589096 0.4133753 0.5239823
1 0.5695736 0.5064238 0.5664685 0.4413511 0.5387587 0.4426734 0.5418637 0.5077461
1 0.4377594 0.4529585 0.4346544 0.3878856 0.4069445 0.3892078 0.4100495 0.4542806
1 0.5354329 0.3729717 0.5385379 0.4380444 0.5662477 0.4367223 0.5631428 0.3716496
4 0.3369340 0.4152891 0.3348982 0.3726254 0.3095597 0.3738344 0.3115954 0.4164981
4 0.3345369 0.3650513 0.3325011 0.3223876 0.3071627 0.3235966 0.3091984 0.3662603
0 0.4500456 0.3931529 0.4622893 0.6497521 0.5426416 0.6459181 0.5303979 0.3893189
5 0.3175182 0.4458008 0.3189833 0.4765056 0.3293662 0.4760101 0.3279011 0.4453053
5 0.3330063 0.5522981 0.3315412 0.5215935 0.3211582 0.5220889 0.3226233 0.5527936
5 0.3365204 0.6259452 0.3350553 0.5952406 0.3246724 0.5957360 0.3261375 0.6264406
5 0.3401390 0.7017841 0.3386739 0.6710795 0.3282910 0.6715750 0.3297561 0.7022796
3 0.6817705 0.6888753 0.6787285 0.6251199 0.6489673 0.6265399 0.6520094 0.6902953
3 0.6741860 0.5299203 0.6711439 0.4661650 0.6413828 0.4675850 0.6444249 0.5313404
3 0.6451478 0.5464926 0.6481898 0.6102480 0.6779510 0.6088279 0.6749090 0.5450726
3 0.6375632 0.3875377 0.6406053 0.4512931 0.6703665 0.4498730 0.6673244 0.3861176
3 0.6336852 0.3062628 0.6367273 0.3700182 0.6664885 0.3685982 0.6634464 0.3048428
2 0.5971826 0.3696206 0.6098209 0.6344898 0.6426176 0.6329249 0.6299794 0.3680556
2 0.3428859 0.4017543 0.3555242 0.6666235 0.3883209 0.6650586 0.3756827 0.4001894
2 0.5806288 0.6750422 0.4160003 0.6958451 0.4226540 0.7485000 0.5872824 0.7276971
2 0.4042678 0.3631680 0.5688962 0.3423650 0.5622426 0.2897100 0.3976142 0.3105130
5 0.3795705 0.3512123 0.3600656 0.3536770 0.3621897 0.3704866 0.3816946 0.3680220
