1 0.4610062 0.7166791 0.4554760 0.6511779 0.4281059 0.6534888 0.4336361 0.7189900
1 0.5539920 0.6253536 0.5595222 0.6908548 0.5868922 0.6885440 0.5813621 0.6230428
1 0.4222328 0.5839252 0.4277630 0.6494265 0.4551331 0.6471157 0.4496029 0.5816144
1 0.5481188 0.5557902 0.5536491 0.6212914 0.5810192 0.6189805 0.5754890 0.5534793
1 0.4162509 0.5130737 0.4217812 0.5785750 0.4491512 0.5762641 0.4436210 0.5107628
1 0.5421370 0.4849386 0.5476672 0.5504398 0.5750372 0.5481291 0.5695071 0.4826277
1 0.4104866 0.4447986 0.4160168 0.5102999 0.4433868 0.5079890 0.4378566 0.4424878
1 0.5363727 0.4166634 0.5419028 0.4821647 0.5692729 0.4798540 0.5637428 0.4143527
4 0.3427720 0.4801784 0.3391432 0.4371977 0.3141111 0.4393111 0.3177399 0.4822919
4 0.3386174 0.4309688 0.3349886 0.3879880 0.3099564 0.3901014 0.3135852 0.4330822
0 0.5537733 0.6910142 0.5321582 0.4349961 0.4528048 0.4416957 0.4744200 0.6977139
5 0.3374541 0.5400906 0.3348586 0.5093474 0.3245904 0.5102143 0.3271860 0.5409576
5 0.3308994 0.5849410 0.3334950 0.6156842 0.3437632 0.6148173 0.3411676 0.5840740
5 0.3498538 0.6869570 0.3472582 0.6562138 0.3369901 0.6570807 0.3395857 0.6878239
5 0.3432620 0.7313674 0.3458576 0.7621107 0.3561257 0.7612438 0.3535302 0.7305005
3 0.6920214 0.7173175 0.6865982 0.6530843 0.6571820 0.6555679 0.6626052 0.7198011
3 0.6788757 0.5616158 0.6734526 0.4973826 0.6440364 0.4998662 0.6494595 0.5640994
3 0.6854013 0.6389084 0.6799782 0.5746752 0.6505620 0.5771588 0.6559852 0.6413920
3 0.6374165 0.4214571 0.6428396 0.4856904 0.6722558 0.4832068 0.6668327 0.4189736
3 0.6306950 0.3418458 0.6361181 0.4060791 0.6655343 0.4035955 0.6601111 0.3393623
2 0.6514632 0.6658559 0.6294394 0.4049993 0.5970536 0.4077336 0.6190773 0.6685902
2 0.4023167 0.7215393 0.3802930 0.4606827 0.3479071 0.4634169 0.3699309 0.7242736
2 0.5914373 0.7115937 0.4280285 0.7481151 0.4393251 0.7986599 0.6027339 0.7621385
2 0.4074580 0.4212145 0.5708668 0.3846931 0.5595702 0.3341483 0.3961614 0.3706696
5 0.3659701 0.4325963 0.3859357 0.4281340 0.3823031 0.4118807 0.3623375 0.4163430
