1 0.4290327 0.5995003 0.4342413 0.6661943 0.4624684 0.6639898 0.4572598 0.5972958
1 0.5591201 0.5725887 0.5643287 0.6392827 0.5925558 0.6370783 0.5873473 0.5703843
1 0.4234170 0.5275939 0.4286256 0.5942879 0.4568527 0.5920835 0.4516442 0.5253894
1 0.5535043 0.5006824 0.5587130 0.5673763 0.5869401 0.5651718 0.5817315 0.4984779
1 0.4511331 0.5188454 0.4459245 0.4521515 0.4176973 0.4543560 0.4229060 0.5210500
1 0.5812204 0.4919339 0.5760118 0.4252400 0.5477846 0.4274445 0.5529933 0.4941384
1 0.4456214 0.4482707 0.4404128 0.3815768 0.4121856 0.3837813 0.4173943 0.4504752
1 0.5757087 0.4213592 0.5705001 0.3546653 0.5422730 0.3568698 0.5474816 0.4235637
4 0.3419728 0.4177845 0.3385304 0.3737064 0.3127201 0.3757222 0.3161625 0.4198002
4 0.3380002 0.3669175 0.3345578 0.3228394 0.3087476 0.3248551 0.3121900 0.3689333
0 0.4558958 0.3815524 0.4764641 0.6449208 0.5583208 0.6385280 0.5377524 0.3751596
5 0.3361026 0.4796830 0.3336451 0.4482158 0.3230720 0.4490415 0.3255295 0.4805087
5 0.3291045 0.5262850 0.3315620 0.5577523 0.3421351 0.5569265 0.3396776 0.5254593
5 0.3479587 0.6314960 0.3455012 0.6000288 0.3349282 0.6008545 0.3373856 0.6323217
5 0.3539557 0.7082847 0.3514982 0.6768176 0.3409252 0.6776433 0.3433827 0.7091105
3 0.6653875 0.6050211 0.6705208 0.6707515 0.7008317 0.6683843 0.6956983 0.6026540
3 0.6882622 0.5074385 0.6831288 0.4417081 0.6528180 0.4440753 0.6579514 0.5098057
3 0.6590577 0.5239712 0.6641910 0.5897016 0.6945019 0.5873344 0.6893685 0.5216041
3 0.6464882 0.3630254 0.6516216 0.4287558 0.6819325 0.4263886 0.6767991 0.3606582
3 0.6400614 0.2807326 0.6451948 0.3464630 0.6755056 0.3440958 0.6703722 0.2783654
2 0.6048899 0.3480003 0.6259289 0.6173956 0.6593406 0.6147863 0.6383016 0.3453910
2 0.3474284 0.4012621 0.3684675 0.6706574 0.4018791 0.6680480 0.3808401 0.3986527
2 0.5971907 0.6612611 0.4286828 0.6961207 0.4395365 0.7485864 0.6080444 0.7137266
2 0.5246449 0.4455318 0.4847228 0.1789802 0.4511521 0.1840081 0.4910743 0.4505598
5 0.3832376 0.3483520 0.3627918 0.3525816 0.3662389 0.3692448 0.3866847 0.3650151
