1 0.4479626 0.6597266 0.4485074 0.5930462 0.4193976 0.5928084 0.4188528 0.6594888
1 0.5834575 0.6626591 0.5840024 0.5959787 0.5548927 0.5957408 0.5543478 0.6624212
1 0.4485744 0.5848304 0.4491193 0.5181500 0.4200096 0.5179121 0.4194647 0.5845926
1 0.5840694 0.5877630 0.5846142 0.5210825 0.5555046 0.5208446 0.5549597 0.5875251
1 0.4206328 0.4416291 0.4200880 0.5083096 0.4491977 0.5085474 0.4497425 0.4418669
1 0.5561278 0.4445616 0.5555830 0.5112420 0.5846927 0.5114799 0.5852375 0.4447994
1 0.4497983 0.4350383 0.4503431 0.3683579 0.4212334 0.3681200 0.4206886 0.4348005
1 0.5567284 0.3710525 0.5561836 0.4377330 0.5852932 0.4379708 0.5858381 0.3712904
4 0.3464294 0.3803338 0.3467829 0.3370708 0.3201675 0.3368533 0.3198141 0.3801163
4 0.3468623 0.3273518 0.3472157 0.2840889 0.3206004 0.2838715 0.3202469 0.3271344
0 0.4661004 0.3831366 0.4639336 0.6483485 0.5483551 0.6490382 0.5505219 0.3838263
5 0.3349352 0.4435861 0.3351935 0.4119716 0.3242951 0.4118826 0.3240368 0.4434970
5 0.3342779 0.5240412 0.3345362 0.4924268 0.3236378 0.4923378 0.3233795 0.5239521
5 0.3336433 0.6017112 0.3339016 0.5700967 0.3230033 0.5700077 0.3227449 0.6016221
5 0.3329899 0.6816928 0.3332481 0.6500783 0.3223497 0.6499892 0.3220915 0.6816038
3 0.6914845 0.7196364 0.6920172 0.6544307 0.6607670 0.6541754 0.6602343 0.7193812
3 0.6928541 0.5519989 0.6933868 0.4867930 0.6621366 0.4865377 0.6616039 0.5517435
3 0.6614566 0.5697554 0.6609239 0.6349613 0.6921742 0.6352166 0.6927069 0.5700108
3 0.6935438 0.4675789 0.6940765 0.4023731 0.6628264 0.4021178 0.6622936 0.4673235
3 0.6635265 0.3164034 0.6629938 0.3816093 0.6942441 0.3818645 0.6947768 0.3166587
2 0.6537727 0.6550234 0.6560414 0.3773385 0.6215814 0.3770570 0.6193128 0.6547419
2 0.3534177 0.3712533 0.3511490 0.6489381 0.3856089 0.6492196 0.3878776 0.3715348
2 0.4154306 0.7443098 0.5863907 0.7480098 0.5876040 0.6919465 0.4166439 0.6882465
2 0.5909242 0.2855661 0.4199641 0.2818661 0.4187507 0.3379294 0.5897108 0.3416295
5 0.3751879 0.3389731 0.3947235 0.3393959 0.3951084 0.3216095 0.3755728 0.3211867
