1 0.4430860 0.6091175 0.4437569 0.5462509 0.4164050 0.5459591 0.4157341 0.6088257
1 0.5437070 0.5495578 0.5430360 0.6124243 0.5703878 0.6127162 0.5710588 0.5498497
1 0.4171559 0.4755931 0.4164851 0.5384597 0.4438369 0.5387515 0.4445077 0.4758850
1 0.5711387 0.5423502 0.5718096 0.4794837 0.5444578 0.4791918 0.5437869 0.5420583
1 0.4446017 0.4670826 0.4452726 0.4042160 0.4179207 0.4039241 0.4172498 0.4667907
1 0.5452226 0.4075229 0.5445517 0.4703895 0.5719035 0.4706814 0.5725744 0.4078147
1 0.4453386 0.3980199 0.4460095 0.3351533 0.4186577 0.3348615 0.4179868 0.3977279
1 0.5683141 0.3363287 0.5248745 0.3754438 0.5501923 0.4035606 0.5936319 0.3644456
4 0.3483473 0.3456436 0.3487813 0.3049718 0.3237731 0.3047050 0.3233391 0.3453768
4 0.3488785 0.2958663 0.3493125 0.2551944 0.3243043 0.2549276 0.3238703 0.2955994
0 0.4607794 0.3491806 0.4581164 0.5987393 0.5374395 0.5995858 0.5401025 0.3500270
5 0.3373981 0.4050730 0.3377160 0.3752812 0.3274755 0.3751718 0.3271576 0.4049638
5 0.3365915 0.4806617 0.3369094 0.4508698 0.3266689 0.4507605 0.3263510 0.4805525
5 0.3358128 0.5536338 0.3361307 0.5238418 0.3258902 0.5237325 0.3255723 0.5535245
5 0.3350110 0.6287775 0.3353289 0.5989856 0.3250884 0.5988762 0.3247705 0.6286682
3 0.6430492 0.6049266 0.6423936 0.6663613 0.6717572 0.6666747 0.6724128 0.6052400
3 0.6447299 0.4474288 0.6440743 0.5088634 0.6734379 0.5091768 0.6740935 0.4477421
3 0.6726035 0.5873611 0.6732592 0.5259264 0.6438956 0.5256130 0.6432399 0.5870477
3 0.6742842 0.4298632 0.6749399 0.3684285 0.6455763 0.3681151 0.6449206 0.4295498
3 0.6751436 0.3493333 0.6757991 0.2878987 0.6464355 0.2875853 0.6457800 0.3490200
2 0.6364756 0.6056993 0.6392606 0.3447121 0.6068819 0.3443666 0.6040969 0.6053538
2 0.3845272 0.5985769 0.3873122 0.3375897 0.3549334 0.3372442 0.3521484 0.5982314
2 0.4121351 0.6881180 0.5729176 0.6926633 0.5744064 0.6400018 0.4136238 0.6354566
2 0.4162093 0.3063182 0.5769919 0.3108634 0.5784806 0.2582019 0.4176980 0.2536567
5 0.3942888 0.2907560 0.3758729 0.2902353 0.3753995 0.3069776 0.3938154 0.3074983
