1 0.4473406 0.6909136 0.4505041 0.6260112 0.4230494 0.6246730 0.4198859 0.6895753
1 0.5746312 0.7073438 0.5777948 0.6424414 0.5503401 0.6411031 0.5471765 0.7060055
1 0.4507692 0.6205724 0.4539328 0.5556700 0.4264781 0.5543318 0.4233145 0.6192341
1 0.5780599 0.6370025 0.5812234 0.5721002 0.5537688 0.5707619 0.5506052 0.6356642
1 0.4299703 0.4826881 0.4268067 0.5475904 0.4542614 0.5489286 0.4574249 0.4840263
1 0.5572610 0.4991183 0.5540974 0.5640206 0.5815520 0.5653588 0.5847156 0.5004565
1 0.4576266 0.4798902 0.4607901 0.4149879 0.4333354 0.4136496 0.4301719 0.4785520
1 0.5849172 0.4963204 0.5880808 0.4314180 0.5606261 0.4300798 0.5574626 0.4949821
4 0.3625055 0.4183462 0.3645418 0.3765692 0.3394374 0.3753456 0.3374011 0.4171225
4 0.3649309 0.3685865 0.3669672 0.3268095 0.3418629 0.3255858 0.3398265 0.3673628
0 0.5421441 0.6910021 0.5545516 0.4364547 0.4749368 0.4325740 0.4625294 0.6871215
5 0.3492903 0.4765592 0.3507783 0.4460331 0.3404931 0.4455318 0.3390051 0.4760579
5 0.3368100 0.5210938 0.3353220 0.5516199 0.3456072 0.5521213 0.3470952 0.5215952
5 0.3420515 0.6250676 0.3435395 0.5945414 0.3332543 0.5940402 0.3317663 0.6245663
5 0.3383901 0.7001849 0.3398780 0.6696588 0.3295928 0.6691575 0.3281049 0.6996835
3 0.6894138 0.7621251 0.6707492 0.7045939 0.6322533 0.7170829 0.6509178 0.7746142
3 0.6817043 0.6145800 0.6847947 0.5511804 0.6553110 0.5497432 0.6522207 0.6131428
3 0.6515015 0.6278999 0.6484111 0.6912996 0.6778947 0.6927367 0.6809850 0.6293371
3 0.6855690 0.5352943 0.6886593 0.4718947 0.6591757 0.4704575 0.6560853 0.5338571
3 0.6894930 0.4547928 0.6925833 0.3913932 0.6630996 0.3899561 0.6600093 0.4533557
2 0.6213375 0.4431068 0.6085477 0.7054960 0.6410441 0.7070799 0.6538338 0.4446907
2 0.3694111 0.4105891 0.3566215 0.6729783 0.3891177 0.6745622 0.4019074 0.4121731
2 0.4105245 0.7668518 0.5736800 0.7879112 0.5804090 0.7357793 0.4172535 0.7147199
2 0.4291281 0.3851864 0.5922837 0.4062459 0.5990126 0.3541139 0.4358571 0.3330544
5 0.4115827 0.3679854 0.3922189 0.3654859 0.3900561 0.3822411 0.4094199 0.3847405
