1 0.4564589 0.6989802 0.4503715 0.6327198 0.4226209 0.6352693 0.4287083 0.7015297
1 0.5838390 0.6679909 0.5777516 0.6017306 0.5500010 0.6042800 0.5560884 0.6705405
1 0.4161532 0.5648692 0.4222406 0.6311296 0.4499912 0.6285801 0.4439038 0.5623197
1 0.5435332 0.5338799 0.5496207 0.6001403 0.5773713 0.5975908 0.5712839 0.5313305
1 0.4095657 0.4931654 0.4156531 0.5594258 0.4434038 0.5568763 0.4373163 0.4906160
1 0.5369458 0.4621762 0.5430332 0.5284367 0.5707838 0.5258871 0.5646964 0.4596267
1 0.4032178 0.4240692 0.4093052 0.4903296 0.4370557 0.4877802 0.4309683 0.4215198
1 0.5644358 0.4567909 0.5583484 0.3905304 0.5305979 0.3930799 0.5366852 0.4593404
4 0.3348650 0.4614356 0.3308537 0.4177727 0.3054751 0.4201041 0.3094865 0.4637671
4 0.3302897 0.4116341 0.3262783 0.3679712 0.3008998 0.3703028 0.3049112 0.4139657
0 0.5503479 0.6717707 0.5264797 0.4119688 0.4460180 0.4193609 0.4698862 0.6791628
5 0.3368556 0.5978094 0.3339946 0.5666673 0.3235884 0.5676233 0.3264495 0.5987654
5 0.3435629 0.6708167 0.3407019 0.6396747 0.3302956 0.6406307 0.3331567 0.6717728
5 0.3504698 0.7459970 0.3476087 0.7148550 0.3372025 0.7158110 0.3400635 0.7469530
3 0.6905975 0.6950793 0.6846098 0.6299042 0.6547921 0.6326435 0.6607798 0.6978186
3 0.6403156 0.4750692 0.6463034 0.5402444 0.6761210 0.5375050 0.6701333 0.4723298
3 0.6833072 0.6157272 0.6773196 0.5505521 0.6475019 0.5532914 0.6534896 0.6184666
3 0.6330255 0.3957171 0.6390132 0.4608923 0.6688309 0.4581529 0.6628432 0.3929777
3 0.6256235 0.3151482 0.6316112 0.3803234 0.6614289 0.3775840 0.6554412 0.3124089
2 0.5920029 0.3825271 0.6162827 0.6468087 0.6491221 0.6437918 0.6248423 0.3795100
2 0.3970187 0.7051239 0.3727389 0.4408421 0.3398995 0.4438591 0.3641794 0.7081409
2 0.4351399 0.7822177 0.6008973 0.7418920 0.5885190 0.6910120 0.4227617 0.7313378
2 0.5534257 0.3090269 0.3876684 0.3493527 0.4000466 0.4002327 0.5658039 0.3599069
5 0.3580167 0.4125162 0.3783625 0.4075665 0.3744013 0.3912840 0.3540555 0.3962337
