1 0.4483554 0.7127544 0.4472471 0.6450777 0.4182312 0.6455529 0.4193394 0.7132296
1 0.5833660 0.7068988 0.5822577 0.6392221 0.5532416 0.6396973 0.5543500 0.7073740
1 0.4471337 0.6381514 0.4460254 0.5704747 0.4170094 0.5709500 0.4181177 0.6386266
1 0.5821441 0.6322959 0.5810358 0.5646192 0.5520198 0.5650944 0.5531282 0.6327711
1 0.4157650 0.4949656 0.4168733 0.5626422 0.4458893 0.5621670 0.4447810 0.4944903
1 0.5507755 0.4891099 0.5518838 0.5567867 0.5808998 0.5563115 0.5797915 0.4886348
1 0.4145659 0.4217442 0.4156742 0.4894210 0.4446902 0.4889458 0.4435819 0.4212691
1 0.5495763 0.4158887 0.5506846 0.4835654 0.5797007 0.4830902 0.5785924 0.4154135
4 0.3404079 0.4412233 0.3396888 0.3973168 0.3131587 0.3977513 0.3138778 0.4416578
4 0.3395436 0.3884486 0.3388246 0.3445423 0.3122944 0.3449767 0.3130135 0.3888831
0 0.4595970 0.4326368 0.4639507 0.6984791 0.5480990 0.6971010 0.5437454 0.4312587
5 0.3191152 0.4728351 0.3196375 0.5047344 0.3305021 0.5045565 0.3299797 0.4726571
5 0.3204276 0.5529753 0.3209500 0.5848745 0.3318146 0.5846967 0.3312922 0.5527973
5 0.3330816 0.6620625 0.3325592 0.6301633 0.3216946 0.6303412 0.3222170 0.6622404
5 0.3343863 0.7417309 0.3338639 0.7098317 0.3229992 0.7100097 0.3235217 0.7419089
3 0.6923476 0.7568722 0.6912701 0.6910723 0.6601183 0.6915824 0.6611959 0.7573824
3 0.6573837 0.5246010 0.6584613 0.5904010 0.6896131 0.5898908 0.6885355 0.5240909
3 0.6909705 0.6727829 0.6898929 0.6069829 0.6587412 0.6074931 0.6598188 0.6732931
3 0.6882359 0.5058014 0.6871583 0.4400014 0.6560066 0.4405116 0.6570842 0.5063117
3 0.6868377 0.4204227 0.6857601 0.3546227 0.6546084 0.3551329 0.6556860 0.4209329
2 0.6143227 0.4184011 0.6188581 0.6953413 0.6532062 0.6947788 0.6486708 0.4178386
2 0.3860013 0.7063679 0.3814659 0.4294276 0.3471177 0.4299902 0.3516532 0.7069303
2 0.4188608 0.7982025 0.5897650 0.7907901 0.5873451 0.7349953 0.4164408 0.7424077
2 0.4122317 0.3934131 0.5831358 0.3860008 0.5807160 0.3302059 0.4098118 0.3376182
5 0.3871868 0.3787460 0.3675080 0.3795996 0.3682869 0.3975593 0.3879657 0.3967057
