1 0.4706607 0.6232795 0.4578482 0.5533774 0.4289278 0.5586783 0.4417404 0.6285804
1 0.5566091 0.4967210 0.5694216 0.5666231 0.5983419 0.5613222 0.5855294 0.4914201
1 0.4159958 0.4881241 0.4288084 0.5580262 0.4577287 0.5527253 0.4449161 0.4828232
1 0.5854099 0.4907680 0.5725974 0.4208659 0.5436771 0.4261668 0.5564895 0.4960689
1 0.4445572 0.4808646 0.4317446 0.4109625 0.4028243 0.4162634 0.4156368 0.4861655
1 0.5305055 0.3543061 0.5433182 0.4242082 0.5722384 0.4189073 0.5594258 0.3490052
1 0.4318646 0.4116170 0.4190521 0.3417149 0.3901318 0.3470158 0.4029443 0.4169179
1 0.5178130 0.2850586 0.5306255 0.3549607 0.5595459 0.3496598 0.5467333 0.2797577
4 0.3245107 0.4068427 0.3159909 0.3603606 0.2895347 0.3652098 0.2980545 0.4116919
4 0.3153625 0.3569322 0.3068427 0.3104501 0.2803865 0.3152993 0.2889063 0.3617814
0 0.4321373 0.3243660 0.4818402 0.5955335 0.5656688 0.5801683 0.5159659 0.3090008
5 0.3078121 0.4385324 0.3137898 0.4711452 0.3246575 0.4691532 0.3186798 0.4365404
5 0.3217040 0.5143234 0.3276817 0.5469362 0.3385493 0.5449442 0.3325716 0.5123314
5 0.3519603 0.6181114 0.3459826 0.5854986 0.3351150 0.5874906 0.3410926 0.6201034
5 0.3657705 0.6934562 0.3597928 0.6608434 0.3489251 0.6628354 0.3549028 0.6954482
3 0.6662468 0.4997683 0.6789389 0.5690134 0.7100495 0.5633111 0.6973574 0.4940660
3 0.6811042 0.4053918 0.6684120 0.3361467 0.6373014 0.3418491 0.6499935 0.4110942
3 0.6516703 0.4202425 0.6643624 0.4894876 0.6954730 0.4837853 0.6827809 0.4145402
3 0.6665276 0.3258660 0.6538355 0.2566209 0.6227250 0.2623233 0.6354170 0.3315684
3 0.6517277 0.2451206 0.6390356 0.1758757 0.6079249 0.1815780 0.6206171 0.2508230
2 0.5795648 0.2586325 0.6287353 0.5268953 0.6629431 0.5206252 0.6137726 0.2523625
2 0.3153252 0.3932391 0.3644957 0.6615019 0.3987034 0.6552319 0.3495330 0.3869691
2 0.4561589 0.7088024 0.6262617 0.6262601 0.6036669 0.5796969 0.4335642 0.6622392
2 0.3859908 0.3259811 0.5560935 0.2434388 0.5334986 0.1968756 0.3633960 0.2794179
5 0.3433967 0.3486277 0.3654096 0.3379461 0.3581449 0.3229750 0.3361320 0.3336567
