1 0.4166965 0.6013154 0.4170602 0.6646299 0.4445279 0.6644722 0.4441642 0.6011577
1 0.5445548 0.5993705 0.5449185 0.6626849 0.5723861 0.6625271 0.5720224 0.5992128
1 0.4441220 0.5938064 0.4437583 0.5304918 0.4162907 0.5306496 0.4166543 0.5939641
1 0.5719802 0.5918615 0.5716165 0.5285469 0.5441489 0.5287046 0.5445125 0.5920192
1 0.4158773 0.4586753 0.4162409 0.5219898 0.4437086 0.5218321 0.4433450 0.4585176
1 0.5437355 0.4567304 0.5440992 0.5200449 0.5715668 0.5198871 0.5712032 0.4565726
1 0.4433102 0.4524751 0.4429466 0.3891605 0.4154789 0.3893182 0.4158425 0.4526328
1 0.5711685 0.4505301 0.5708048 0.3872155 0.5433372 0.3873733 0.5437008 0.4506878
4 0.3450787 0.4045496 0.3448422 0.3633687 0.3197280 0.3635130 0.3199645 0.4046939
4 0.3447916 0.3545601 0.3445551 0.3133794 0.3194409 0.3135237 0.3196774 0.3547044
0 0.5390962 0.6513946 0.5376589 0.4011467 0.4579997 0.4016042 0.4594370 0.6518521
5 0.3350652 0.4644318 0.3348933 0.4344882 0.3246093 0.4345473 0.3247813 0.4644909
5 0.3355012 0.5403426 0.3353293 0.5103990 0.3250453 0.5104581 0.3252173 0.5404016
5 0.3254663 0.5837409 0.3256382 0.6136845 0.3359222 0.6136255 0.3357502 0.5836819
5 0.3258997 0.6592050 0.3260716 0.6891484 0.3363556 0.6890894 0.3361836 0.6591458
3 0.6750426 0.7126190 0.6746884 0.6509567 0.6452003 0.6511261 0.6455545 0.7127884
3 0.6442919 0.4929571 0.6446460 0.5546194 0.6741341 0.5544501 0.6737800 0.4927878
3 0.6447428 0.5714746 0.6450971 0.6331369 0.6745852 0.6329675 0.6742310 0.5713052
3 0.6438344 0.4133056 0.6441886 0.4749678 0.6736767 0.4747985 0.6733225 0.4131362
3 0.6732122 0.3939255 0.6728580 0.3322633 0.6433699 0.3324327 0.6437240 0.3940949
2 0.6045978 0.3911735 0.6061021 0.6530778 0.6386181 0.6528910 0.6371137 0.3909868
2 0.3515483 0.3950229 0.3530526 0.6569271 0.3855685 0.6567403 0.3840642 0.3948361
2 0.4156311 0.7450609 0.5767995 0.7426091 0.5759947 0.6897047 0.4148264 0.6921564
2 0.4134290 0.3616342 0.5745973 0.3591825 0.5737925 0.3062779 0.4126242 0.3087297
5 0.3718887 0.3642761 0.3902619 0.3639967 0.3900045 0.3470773 0.3716314 0.3473568
