1 0.4510016 0.5966884 0.4513185 0.5324398 0.4234630 0.5323024 0.4231461 0.5965509
1 0.5806585 0.5983801 0.5809754 0.5341315 0.5531199 0.5339941 0.5528030 0.5982427
1 0.4238165 0.4606448 0.4234996 0.5248934 0.4513551 0.5250309 0.4516720 0.4607822
1 0.5534734 0.4623365 0.5531565 0.5265851 0.5810120 0.5267225 0.5813289 0.4624739
1 0.4241765 0.3876603 0.4238595 0.4519089 0.4517151 0.4520463 0.4520321 0.3877978
1 0.5538334 0.3893521 0.5535164 0.4536006 0.5813720 0.4537380 0.5816889 0.3894895
1 0.4520620 0.3817159 0.4523790 0.3174673 0.4245234 0.3173299 0.4242064 0.3815785
1 0.5541804 0.3190216 0.5538633 0.3832702 0.5817189 0.3834077 0.5820359 0.3191590
4 0.3529864 0.3294328 0.3531911 0.2879257 0.3277212 0.2878001 0.3275165 0.3293072
4 0.3532364 0.2787418 0.3534411 0.2372347 0.3279712 0.2371091 0.3277666 0.2786161
0 0.4675011 0.3312567 0.4662496 0.5849635 0.5470302 0.5853620 0.5482816 0.3316552
5 0.3421858 0.3901801 0.3423356 0.3598078 0.3319034 0.3597564 0.3317536 0.3901286
5 0.3418061 0.4671562 0.3419559 0.4367840 0.3315237 0.4367326 0.3313739 0.4671048
5 0.3414395 0.5414677 0.3415893 0.5110955 0.3311571 0.5110440 0.3310074 0.5414162
5 0.3410621 0.6179907 0.3412119 0.5876186 0.3307797 0.5875672 0.3306299 0.6179392
3 0.6842058 0.6514368 0.6845143 0.5889074 0.6546050 0.5887598 0.6542965 0.6512892
3 0.6849969 0.4910480 0.6853053 0.4285185 0.6553961 0.4283710 0.6550877 0.4909005
3 0.6846042 0.5706673 0.6849127 0.5081378 0.6550034 0.5079902 0.6546950 0.5705198
3 0.6853953 0.4102786 0.6857037 0.3477491 0.6557945 0.3476015 0.6554861 0.4101310
3 0.6857998 0.3282706 0.6861082 0.2657410 0.6561990 0.2655935 0.6558906 0.3281230
2 0.5811705 0.5597697 0.7162939 0.3791007 0.6829865 0.3541900 0.5478632 0.5348591
2 0.3913089 0.5864758 0.3926187 0.3209286 0.3596459 0.3207660 0.3583361 0.5863132
2 0.4203877 0.6771829 0.5837698 0.6793146 0.5844697 0.6256657 0.4210877 0.6235338
2 0.4223057 0.2883751 0.5856876 0.2905066 0.5863875 0.2368574 0.4230056 0.2347259
5 0.3992989 0.2727386 0.3806818 0.2724957 0.3804576 0.2896742 0.3990747 0.2899172
