1 0.4615105 0.6279240 0.4553560 0.5640610 0.4285560 0.5666437 0.4347105 0.6305066
1 0.5514209 0.5352826 0.5575755 0.5991454 0.5843755 0.5965627 0.5782210 0.5326999
1 0.4220115 0.4987335 0.4281660 0.5625964 0.4549660 0.5600137 0.4488115 0.4961507
1 0.5448764 0.4673724 0.5510309 0.5312353 0.5778310 0.5286525 0.5716764 0.4647896
1 0.4153457 0.4295658 0.4215003 0.4934287 0.4483003 0.4908460 0.4421457 0.4269831
1 0.5711653 0.4594848 0.5650107 0.3956220 0.5382106 0.3982047 0.5443652 0.4620676
1 0.4418769 0.4241935 0.4357224 0.3603306 0.4089224 0.3629134 0.4150769 0.4267762
1 0.5317874 0.3315522 0.5379419 0.3954151 0.5647418 0.3928323 0.5585874 0.3289695
4 0.3430443 0.3992534 0.3389768 0.3570461 0.3144696 0.3594079 0.3185371 0.4016151
4 0.3384147 0.3512133 0.3343472 0.3090060 0.3098399 0.3113678 0.3139075 0.3535751
0 0.5520707 0.6007765 0.5278817 0.3497775 0.4501702 0.3572667 0.4743592 0.6082656
5 0.3255681 0.4289466 0.3284638 0.4589938 0.3385080 0.4580258 0.3356124 0.4279786
5 0.3325984 0.5018972 0.3354941 0.5319445 0.3455383 0.5309765 0.3426426 0.5009292
5 0.3393854 0.5723225 0.3422810 0.6023697 0.3523253 0.6014017 0.3494295 0.5713545
5 0.3593142 0.6739230 0.3564185 0.6438757 0.3463743 0.6448437 0.3492700 0.6748910
3 0.6875278 0.6210732 0.6814613 0.5581234 0.6526739 0.5608977 0.6587405 0.6238475
3 0.6380255 0.4088964 0.6440920 0.4718463 0.6728794 0.4690720 0.6668129 0.4061221
3 0.6801512 0.5445276 0.6740846 0.4815778 0.6452971 0.4843521 0.6513637 0.5473019
3 0.6306488 0.3323509 0.6367153 0.3953006 0.6655026 0.3925264 0.6594361 0.3295766
3 0.6231589 0.2546315 0.6292254 0.3175814 0.6580128 0.3148072 0.6519463 0.2518573
2 0.6472729 0.5720934 0.6226885 0.3169914 0.5909703 0.3200482 0.6155546 0.5751501
2 0.3478031 0.3821163 0.3723873 0.6372184 0.4041057 0.6341616 0.3795214 0.3790596
2 0.5888955 0.6181893 0.4287803 0.6590586 0.4412653 0.7079715 0.6013805 0.6671022
2 0.5533853 0.2497144 0.3932702 0.2905836 0.4057551 0.3394964 0.5658703 0.2986272
5 0.3651789 0.3516455 0.3848893 0.3466144 0.3809080 0.3310162 0.3611975 0.3360473
