1 0.4056713 0.5111976 0.3952697 0.5769764 0.4227225 0.5813175 0.4331242 0.5155388
1 0.5455427 0.6327619 0.5559444 0.5669831 0.5284916 0.5626419 0.5180899 0.6284207
1 0.4334578 0.5134293 0.4438594 0.4476505 0.4164065 0.4433094 0.4060050 0.5090882
1 0.5392268 0.4947538 0.5288250 0.5605326 0.5562779 0.5648737 0.5666796 0.4990950
1 0.4273406 0.3741641 0.4169389 0.4399430 0.4443918 0.4442842 0.4547935 0.3785052
1 0.5672119 0.4957285 0.5776137 0.4299496 0.5501608 0.4256085 0.5397591 0.4913873
1 0.4549282 0.3776532 0.4653299 0.3118744 0.4378769 0.3075333 0.4274753 0.3733121
1 0.5777483 0.4290977 0.5881500 0.3633188 0.5606971 0.3589776 0.5502955 0.4247565
4 0.3683182 0.2909110 0.3751810 0.2475119 0.3500758 0.2435420 0.3432131 0.2869411
4 0.3759124 0.2428865 0.3827751 0.1994873 0.3576700 0.1955174 0.3508072 0.2389166
0 0.4766504 0.3372620 0.4358881 0.5950380 0.5154900 0.6076255 0.5562524 0.3498495
5 0.3492843 0.3442522 0.3541641 0.3133929 0.3438727 0.3117655 0.3389929 0.3426248
5 0.3377523 0.4171792 0.3426321 0.3863199 0.3323407 0.3846925 0.3274609 0.4155518
5 0.3266195 0.4875816 0.3314992 0.4567223 0.3212078 0.4550949 0.3163280 0.4859543
5 0.3151553 0.5600793 0.3200351 0.5292201 0.3097437 0.5275927 0.3048639 0.5584520
3 0.6360528 0.7234448 0.6463833 0.6581169 0.6168905 0.6534532 0.6065602 0.7187811
3 0.6409189 0.5015012 0.6305885 0.5668291 0.6600813 0.5714929 0.6704116 0.5061649
3 0.6289909 0.5769324 0.6186605 0.6422603 0.6481532 0.6469240 0.6584836 0.5815961
3 0.6721816 0.4949721 0.6825120 0.4296442 0.6530192 0.4249804 0.6426888 0.4903083
3 0.6653050 0.3472863 0.6549746 0.4126143 0.6844674 0.4172780 0.6947978 0.3519500
2 0.6188220 0.3880484 0.5781423 0.6453017 0.6106316 0.6504393 0.6513113 0.3931860
2 0.3757436 0.2862327 0.3350638 0.5434860 0.3675531 0.5486236 0.4082328 0.2913702
2 0.3723991 0.6429613 0.5351810 0.7111440 0.5544944 0.6650344 0.3917125 0.5968517
2 0.4306475 0.2746057 0.5934294 0.3427884 0.6127428 0.2966788 0.4499609 0.2284961
5 0.3968740 0.2623240 0.4176350 0.2710198 0.4237780 0.2563537 0.4030169 0.2476578
