1 0.4757692 0.6094704 0.4660352 0.5406940 0.4375105 0.5447311 0.4472444 0.6135074
1 0.6043300 0.5612895 0.5945962 0.4925131 0.5660715 0.4965501 0.5758053 0.5653266
1 0.4657137 0.5384225 0.4559799 0.4696462 0.4274551 0.4736833 0.4371890 0.5424596
1 0.5942746 0.4902417 0.5845407 0.4214653 0.5560161 0.4255024 0.5657499 0.4942788
1 0.4554721 0.4660591 0.4457383 0.3972828 0.4172135 0.4013199 0.4269474 0.4700962
1 0.5457745 0.3531389 0.5555084 0.4219153 0.5840331 0.4178782 0.5742992 0.3491019
1 0.4073445 0.3315878 0.4170783 0.4003642 0.4456030 0.3963271 0.4358692 0.3275507
1 0.5741639 0.3481462 0.5644301 0.2793699 0.5359054 0.2834070 0.5456392 0.3521833
4 0.3397736 0.3812135 0.3333237 0.3356407 0.3072349 0.3393331 0.3136848 0.3849058
4 0.3326603 0.3309538 0.3262105 0.2853810 0.3001217 0.2890733 0.3065716 0.3346461
0 0.4501993 0.3168334 0.4881543 0.5850104 0.5708534 0.5733061 0.5328984 0.3051290
5 0.3375953 0.4433546 0.3330383 0.4111564 0.3223352 0.4126712 0.3268922 0.4448695
5 0.3331369 0.4889923 0.3376939 0.5211906 0.3483970 0.5196759 0.3438400 0.4874775
5 0.3435647 0.5626714 0.3481217 0.5948697 0.3588248 0.5933549 0.3542678 0.5611566
5 0.3695629 0.6692269 0.3650059 0.6370286 0.3543028 0.6385434 0.3588598 0.6707417
3 0.6743393 0.5109994 0.6839550 0.5789405 0.7146149 0.5746012 0.7049993 0.5066602
3 0.6518327 0.3519754 0.6614484 0.4199164 0.6921083 0.4155771 0.6824927 0.3476362
3 0.6404988 0.2718933 0.6501144 0.3398342 0.6807743 0.3354949 0.6711587 0.2675540
3 0.6289909 0.1905831 0.6386065 0.2585241 0.6692665 0.2541848 0.6596509 0.1862438
2 0.6697376 0.5276313 0.6317216 0.2590238 0.5979708 0.2638005 0.6359868 0.5324080
2 0.4152973 0.6229881 0.3772813 0.3543806 0.3435305 0.3591573 0.3815465 0.6277648
2 0.6094177 0.5816495 0.4397078 0.6452519 0.4581168 0.6943726 0.6278268 0.6307703
2 0.5548581 0.1961499 0.3851482 0.2597523 0.4035572 0.3088730 0.5732671 0.2452706
5 0.3608451 0.3268065 0.3823493 0.3187475 0.3764458 0.3029951 0.3549416 0.3110542
