1 0.4185319 0.5512774 0.4286063 0.4804688 0.3994148 0.4763156 0.3893403 0.5471241
1 0.5499924 0.6007647 0.5600669 0.5299561 0.5308754 0.5258028 0.5208009 0.5966114
1 0.4288653 0.4786490 0.4389397 0.4078404 0.4097482 0.4036872 0.3996737 0.4744957
1 0.5603258 0.5281363 0.5704002 0.4573277 0.5412087 0.4531745 0.5311343 0.5239830
1 0.4393900 0.4046757 0.4494644 0.3338671 0.4202729 0.3297139 0.4101984 0.4005224
1 0.5708506 0.4541631 0.5809250 0.3833545 0.5517335 0.3792012 0.5416591 0.4500098
1 0.4304149 0.2584305 0.4203404 0.3292391 0.4495320 0.3333924 0.4596065 0.2625839
1 0.5809925 0.3828797 0.5910670 0.3120713 0.5618755 0.3079180 0.5518010 0.3787264
4 0.3561538 0.2437959 0.3627192 0.1976510 0.3360116 0.1938511 0.3294462 0.2399960
4 0.3634637 0.1924182 0.3700291 0.1462732 0.3433215 0.1424733 0.3367561 0.1886182
0 0.4721313 0.2883929 0.4330728 0.5629162 0.5176771 0.5749536 0.5567356 0.3004302
5 0.3304853 0.2668500 0.3257822 0.2999061 0.3367613 0.3014682 0.3414644 0.2684121
5 0.3256609 0.3794872 0.3303640 0.3464311 0.3193850 0.3448690 0.3146818 0.3779251
5 0.3149448 0.4548054 0.3196480 0.4217492 0.3086689 0.4201872 0.3039658 0.4532434
5 0.3039098 0.5323652 0.3086130 0.4993091 0.2976339 0.4977470 0.2929308 0.5308031
3 0.6478444 0.6926278 0.6577638 0.6229089 0.6263463 0.6184389 0.6164269 0.6881578
3 0.6709733 0.5300660 0.6808927 0.4603471 0.6494752 0.4558771 0.6395558 0.5255960
3 0.6379938 0.5365752 0.6280743 0.6062942 0.6594918 0.6107641 0.6694112 0.5410452
3 0.6611227 0.3740134 0.6512032 0.4437323 0.6826206 0.4482023 0.6925401 0.3784834
3 0.6944466 0.3650833 0.7043660 0.2953644 0.6729485 0.2908944 0.6630291 0.3606133
2 0.6196243 0.6159255 0.6586945 0.3413195 0.6241726 0.3364078 0.5851024 0.6110138
2 0.3594452 0.5179831 0.3985153 0.2433770 0.3639935 0.2384654 0.3249233 0.5130714
2 0.5593669 0.6334134 0.3858082 0.5680786 0.3669172 0.6182615 0.5404759 0.6835964
2 0.6154349 0.2393377 0.4418762 0.1740028 0.4229852 0.2241858 0.5965439 0.2895207
5 0.4144074 0.2044204 0.3923538 0.1961184 0.3862520 0.2123275 0.4083057 0.2206294
