1 0.4262256 0.5157247 0.4296711 0.5832353 0.4581469 0.5817819 0.4547014 0.5142714
1 0.5581961 0.4978913 0.5616417 0.5654018 0.5901174 0.5639484 0.5866718 0.4964380
1 0.4225039 0.4428039 0.4259495 0.5103143 0.4544252 0.5088609 0.4509796 0.4413505
1 0.5544744 0.4249704 0.5579200 0.4924808 0.5863957 0.4910275 0.5829501 0.4235170
1 0.4506345 0.4345899 0.4471890 0.3670795 0.4187133 0.3685328 0.4221588 0.4360432
1 0.5826051 0.4167563 0.5791596 0.3492459 0.5506839 0.3506992 0.5541294 0.4182096
1 0.4150606 0.2969624 0.4185061 0.3644728 0.4469819 0.3630195 0.4435363 0.2955090
1 0.5470310 0.2791290 0.5504766 0.3466393 0.5789523 0.3451860 0.5755067 0.2776756
4 0.3432000 0.3239557 0.3409531 0.2799292 0.3149144 0.2812581 0.3171614 0.3252845
4 0.3405673 0.2723709 0.3383203 0.2283445 0.3122817 0.2296734 0.3145287 0.2736999
0 0.5553963 0.5601677 0.5419091 0.2959056 0.4593354 0.3001199 0.4728226 0.5643820
5 0.3233393 0.3553585 0.3249591 0.3870949 0.3356285 0.3865503 0.3340088 0.3548139
5 0.3396264 0.4648837 0.3380067 0.4331471 0.3273372 0.4336917 0.3289569 0.4654282
5 0.3311967 0.5093132 0.3328165 0.5410497 0.3434859 0.5405052 0.3418662 0.5087687
3 0.6645148 0.5379472 0.6678780 0.6038454 0.6984611 0.6022846 0.6950978 0.5363864
3 0.6901310 0.4390680 0.6867677 0.3731698 0.6561847 0.3747307 0.6595480 0.4406289
3 0.6603200 0.4557537 0.6636832 0.5216520 0.6942662 0.5200912 0.6909029 0.4541929
3 0.6519899 0.2925372 0.6553531 0.3584355 0.6859360 0.3568746 0.6825728 0.2909763
3 0.6816769 0.2734209 0.6783136 0.2075226 0.6477305 0.2090834 0.6510938 0.2749818
2 0.6580350 0.5450585 0.6441476 0.2729537 0.6104440 0.2746739 0.6243315 0.5467787
2 0.3968467 0.5803535 0.3829592 0.3082488 0.3492557 0.3099689 0.3631432 0.5820736
2 0.5944368 0.5887270 0.4251393 0.6116046 0.4324352 0.6655959 0.6017328 0.6427183
2 0.4122418 0.2699332 0.5815393 0.2470556 0.5742433 0.1930642 0.4049458 0.2159418
5 0.3689900 0.2776679 0.3891273 0.2749469 0.3867774 0.2575556 0.3666401 0.2602766
