1 0.6061914 0.6478902 0.5946008 0.5808046 0.5666996 0.5856252 0.5782902 0.6527108
1 0.4309761 0.5738385 0.4425668 0.6409242 0.4704679 0.6361036 0.4588773 0.5690179
1 0.5548686 0.5171495 0.5664594 0.5842351 0.5943606 0.5794144 0.5827699 0.5123289
1 0.4189263 0.5040948 0.4305169 0.5711805 0.4584181 0.5663599 0.4468274 0.4992743
1 0.5428188 0.4474059 0.5544095 0.5144915 0.5823106 0.5096709 0.5707200 0.4425852
1 0.4468063 0.4991525 0.4352157 0.4320669 0.4073145 0.4368874 0.4189052 0.5039731
1 0.5312071 0.3801983 0.5427978 0.4472840 0.5706989 0.4424634 0.5591083 0.3753777
4 0.3433336 0.4930930 0.3356029 0.4483486 0.3100835 0.4527577 0.3178141 0.4975021
4 0.3349644 0.4446528 0.3272337 0.3999085 0.3017143 0.4043177 0.3094450 0.4490619
0 0.5743865 0.6648623 0.5291582 0.4030854 0.4482702 0.4170607 0.4934985 0.6788377
5 0.3270163 0.5236499 0.3324407 0.5550461 0.3429129 0.5532368 0.3374884 0.5218406
5 0.3397252 0.5972080 0.3451497 0.6286042 0.3556218 0.6267949 0.3501973 0.5953987
5 0.3519942 0.6682197 0.3574186 0.6996160 0.3678908 0.6978067 0.3624664 0.6664104
5 0.3805249 0.7709317 0.3751004 0.7395355 0.3646283 0.7413448 0.3700528 0.7727411
3 0.6726817 0.5919337 0.6841872 0.6585264 0.7141816 0.6533442 0.7026761 0.5867515
3 0.6462011 0.4386668 0.6577066 0.5052595 0.6877009 0.5000774 0.6761955 0.4334846
3 0.7008464 0.5761613 0.6893408 0.5095686 0.6593465 0.5147508 0.6708519 0.5813435
3 0.6743658 0.4228944 0.6628603 0.3563017 0.6328658 0.3614839 0.6443714 0.4280766
3 0.6193262 0.2831174 0.6308318 0.3497101 0.6608261 0.3445278 0.6493207 0.2779351
2 0.6691167 0.6110067 0.6241962 0.3510115 0.5911852 0.3567149 0.6361057 0.6167102
2 0.4239157 0.7232025 0.3789952 0.4632072 0.3459842 0.4689106 0.3909047 0.7289060
2 0.4676629 0.7881213 0.6323828 0.7127509 0.6114503 0.6670034 0.4467304 0.7423738
2 0.4034699 0.4165780 0.5681898 0.3412077 0.5472572 0.2954602 0.3825373 0.3708304
5 0.3621727 0.4375511 0.3833546 0.4278591 0.3766695 0.4132488 0.3554876 0.4229409
