1 0.4461722 0.6596200 0.4483408 0.5942463 0.4202830 0.5933156 0.4181144 0.6586894
1 0.5506470 0.6047686 0.5484784 0.6701423 0.5765364 0.6710730 0.5787049 0.6056993
1 0.4485624 0.5875641 0.4507309 0.5221903 0.4226730 0.5212595 0.4205045 0.5866334
1 0.5789264 0.5990170 0.5810949 0.5336432 0.5530370 0.5327126 0.5508686 0.5980864
1 0.4509968 0.5141737 0.4531654 0.4488000 0.4251075 0.4478693 0.4229390 0.5132430
1 0.5813609 0.5256268 0.5835294 0.4602529 0.5554715 0.4593223 0.5533030 0.5246961
1 0.4533427 0.4434523 0.4555112 0.3780785 0.4274534 0.3771478 0.4252848 0.4425216
1 0.5837067 0.4549053 0.5858753 0.3895315 0.5578174 0.3886008 0.5556489 0.4539745
4 0.3314471 0.3412419 0.3292996 0.3830394 0.3551484 0.3843674 0.3572959 0.3425699
4 0.3331379 0.2902690 0.3309904 0.3320665 0.3568393 0.3333946 0.3589867 0.2915971
0 0.5430724 0.6557283 0.5516461 0.3972590 0.4702803 0.3945600 0.4617066 0.6530294
5 0.3425624 0.4444821 0.3435868 0.4135995 0.3330775 0.4132509 0.3320531 0.4441336
5 0.3399949 0.5218863 0.3410192 0.4910036 0.3305099 0.4906551 0.3294855 0.5215378
5 0.3375162 0.5966110 0.3385406 0.5657283 0.3280313 0.5653797 0.3270068 0.5962623
5 0.3254788 0.6423283 0.3244545 0.6732110 0.3349638 0.6735595 0.3359882 0.6426768
3 0.6791592 0.7328978 0.6812817 0.6689088 0.6511531 0.6679094 0.6490306 0.7318983
3 0.6565029 0.5066288 0.6543803 0.5706177 0.6845090 0.5716171 0.6866316 0.5076281
3 0.6818533 0.6516792 0.6839759 0.5876902 0.6538472 0.5866908 0.6517246 0.6506798
3 0.6591970 0.4254102 0.6570745 0.4893991 0.6872031 0.4903985 0.6893257 0.4264095
3 0.6899384 0.4079346 0.6920610 0.3439456 0.6619323 0.3429462 0.6598098 0.4069352
2 0.6444104 0.6681057 0.6533054 0.3999445 0.6200939 0.3988429 0.6111989 0.6670041
2 0.3864014 0.6454387 0.3952964 0.3772774 0.3620850 0.3761758 0.3531900 0.6443370
2 0.5817331 0.6997794 0.4156228 0.6851860 0.4109055 0.7388819 0.5770158 0.7534752
2 0.4238743 0.3479119 0.5899845 0.3625053 0.5947019 0.3088095 0.4285916 0.2942161
5 0.4040920 0.3309242 0.3846575 0.3292168 0.3831540 0.3463297 0.4025886 0.3480371
