1 0.4525805 0.6799313 0.4482747 0.6152447 0.4208992 0.6170670 0.4252049 0.6817535
1 0.5473998 0.5947643 0.5517055 0.6594508 0.5790810 0.6576286 0.5747753 0.5929421
1 0.4162451 0.5471473 0.4205509 0.6118338 0.4479264 0.6100116 0.4436207 0.5453250
1 0.5427458 0.5248445 0.5470514 0.5895311 0.5744269 0.5877090 0.5701213 0.5230224
1 0.4115049 0.4759328 0.4158106 0.5406194 0.4431861 0.5387971 0.4388804 0.4741107
1 0.5380055 0.4536301 0.5423113 0.5183167 0.5696867 0.5164945 0.5653811 0.4518080
1 0.4069371 0.4073080 0.4112428 0.4719946 0.4386183 0.4701724 0.4343126 0.4054858
1 0.5334377 0.3850054 0.5377434 0.4496919 0.5651188 0.4478697 0.5608131 0.3831832
4 0.3384108 0.4377258 0.3355777 0.3951628 0.3105458 0.3968289 0.3133789 0.4393920
4 0.3351185 0.3882641 0.3322854 0.3457012 0.3072535 0.3473673 0.3100866 0.3899303
0 0.4494371 0.4074816 0.4664019 0.6623504 0.5457876 0.6570662 0.5288228 0.4021974
5 0.3197581 0.4679385 0.3217879 0.4984336 0.3320430 0.4977511 0.3300131 0.4672559
5 0.3247576 0.5430478 0.3267874 0.5735430 0.3370425 0.5728604 0.3350127 0.5423653
5 0.3418689 0.6453695 0.3398390 0.6148744 0.3295840 0.6155570 0.3316139 0.6460521
5 0.3468389 0.7200367 0.3448091 0.6895416 0.3345541 0.6902242 0.3365839 0.7207194
3 0.6501507 0.6295617 0.6543806 0.6931094 0.6837785 0.6911526 0.6795486 0.6276049
3 0.6397337 0.4730627 0.6439636 0.5366104 0.6733615 0.5346535 0.6691316 0.4711059
3 0.6785327 0.6123420 0.6743027 0.5487943 0.6449048 0.5507511 0.6491348 0.6142988
3 0.6344878 0.3942521 0.6387178 0.4577998 0.6681157 0.4558430 0.6638858 0.3922953
3 0.6627893 0.3758239 0.6585594 0.3122761 0.6291615 0.3142330 0.6333914 0.3777807
2 0.6441122 0.6378727 0.6267055 0.3763652 0.5943026 0.3785220 0.6117093 0.6400295
2 0.3439399 0.4226621 0.3613466 0.6841698 0.3937494 0.6820129 0.3763427 0.4205053
2 0.4293115 0.7617869 0.5925141 0.7330134 0.5834571 0.6816424 0.4202545 0.7104158
2 0.4040589 0.3824084 0.5672616 0.3536350 0.5582047 0.3022639 0.3950020 0.3310373
5 0.3792435 0.3718557 0.3596083 0.3753174 0.3624967 0.3917004 0.3821318 0.3882387
