1 0.4282092 0.5180811 0.4345088 0.5839738 0.4618420 0.5813606 0.4555425 0.5154679
1 0.5535021 0.4863855 0.5598016 0.5522782 0.5871348 0.5496651 0.5808353 0.4837724
1 0.4552244 0.5121415 0.4489249 0.4462487 0.4215916 0.4488618 0.4278911 0.5147545
1 0.5468845 0.4171663 0.5531840 0.4830590 0.5805172 0.4804459 0.5742177 0.4145531
1 0.4148515 0.3783609 0.4211510 0.4442537 0.4484844 0.4416405 0.4421848 0.3757478
1 0.5737771 0.4099450 0.5674776 0.3440522 0.5401444 0.3466653 0.5464439 0.4125581
1 0.4083565 0.3104237 0.4146560 0.3763164 0.4419894 0.3737032 0.4356898 0.3078105
1 0.5672821 0.3420078 0.5609826 0.2761150 0.5336493 0.2787281 0.5399489 0.3446209
4 0.3411819 0.3472728 0.3370556 0.3041113 0.3120544 0.3065015 0.3161807 0.3496630
4 0.3365006 0.2983068 0.3323743 0.2551452 0.3073731 0.2575353 0.3114995 0.3006969
0 0.5541598 0.5535208 0.5296598 0.2972529 0.4504218 0.3048283 0.4749218 0.5610962
5 0.3365164 0.4072853 0.3335678 0.3764427 0.3233056 0.3774238 0.3262542 0.4082664
5 0.3304144 0.4517806 0.3333630 0.4826232 0.3436252 0.4816421 0.3406765 0.4507995
5 0.3504878 0.5534249 0.3475392 0.5225822 0.3372770 0.5235633 0.3402256 0.5544060
5 0.3443439 0.5974824 0.3472925 0.6283251 0.3575547 0.6273440 0.3546061 0.5965014
3 0.6566851 0.5125595 0.6628556 0.5771025 0.6922446 0.5742928 0.6860741 0.5097498
3 0.6418732 0.3576283 0.6480438 0.4221714 0.6774328 0.4193617 0.6712623 0.3548187
3 0.6492261 0.4345385 0.6553966 0.4990815 0.6847856 0.4962718 0.6786151 0.4317288
3 0.6344142 0.2796074 0.6405848 0.3441504 0.6699738 0.3413407 0.6638033 0.2767977
3 0.6268407 0.2003901 0.6330112 0.2649330 0.6624002 0.2621233 0.6562297 0.1975804
2 0.5940099 0.2672094 0.6188653 0.5271957 0.6512021 0.5241042 0.6263466 0.2641179
2 0.4032298 0.5868341 0.3783742 0.3268479 0.3460375 0.3299394 0.3708930 0.5899256
2 0.5916587 0.5709902 0.4284303 0.6122824 0.4410510 0.6621722 0.6042794 0.6208800
2 0.5557522 0.1954125 0.3925239 0.2367048 0.4051446 0.2865946 0.5683730 0.2453024
5 0.3798289 0.2776646 0.3596935 0.2827582 0.3637731 0.2988850 0.3839084 0.2937914
