1 0.4601233 0.6126840 0.4585346 0.5491512 0.4312353 0.5498339 0.4328240 0.6133667
1 0.5581795 0.5414268 0.5597681 0.6049596 0.5870673 0.6042770 0.5854787 0.5407442
1 0.4294810 0.4796723 0.4310696 0.5432051 0.4583688 0.5425225 0.4567803 0.4789897
1 0.5564251 0.4712653 0.5580137 0.5347981 0.5853129 0.5341154 0.5837243 0.4705827
1 0.4276941 0.4082116 0.4292828 0.4717445 0.4565820 0.4710619 0.4549934 0.4075290
1 0.5835260 0.4626548 0.5819373 0.3991221 0.5546381 0.3998047 0.5562268 0.4633374
1 0.4259722 0.3393496 0.4275608 0.4028824 0.4548600 0.4021997 0.4532714 0.3386670
1 0.5529163 0.3309425 0.5545049 0.3944753 0.5818041 0.3937927 0.5802155 0.3302599
4 0.3563649 0.3586358 0.3553279 0.3171652 0.3303669 0.3177894 0.3314039 0.3592599
4 0.3551238 0.3090032 0.3540868 0.2675326 0.3291259 0.2681567 0.3301629 0.3096273
0 0.5538282 0.5963207 0.5475571 0.3455291 0.4683889 0.3475087 0.4746600 0.5983004
5 0.3475603 0.4184666 0.3468099 0.3884546 0.3365867 0.3887103 0.3373371 0.4187223
5 0.3494449 0.4938357 0.3486945 0.4638237 0.3384712 0.4640793 0.3392217 0.4940913
5 0.3512643 0.5665956 0.3505139 0.5365835 0.3402907 0.5368392 0.3410411 0.5668512
3 0.6591055 0.5870535 0.6606570 0.6490946 0.6899679 0.6483616 0.6884165 0.5863205
3 0.6860410 0.4913214 0.6844895 0.4292804 0.6551787 0.4300134 0.6567301 0.4920543
3 0.6879902 0.5692785 0.6864389 0.5072374 0.6571280 0.5079703 0.6586794 0.5700114
3 0.6532013 0.3509302 0.6547527 0.4129712 0.6840636 0.4122382 0.6825122 0.3501972
3 0.6511934 0.2706344 0.6527447 0.3326755 0.6820556 0.3319426 0.6805043 0.2699015
2 0.6526491 0.5909309 0.6461279 0.3301401 0.6138131 0.3309481 0.6203343 0.5917391
2 0.3625728 0.3475870 0.3690940 0.6083778 0.4014089 0.6075698 0.3948877 0.3467789
2 0.5909185 0.6297895 0.4296787 0.6404678 0.4331484 0.6928595 0.5943882 0.6821812
2 0.4236291 0.3121692 0.5848690 0.3014908 0.5813992 0.2490990 0.4201594 0.2597774
5 0.3998435 0.2987349 0.3811187 0.2999750 0.3822278 0.3167208 0.4009526 0.3154807
