1 0.4632734 0.6929805 0.4594393 0.6280984 0.4320711 0.6297157 0.4359052 0.6945978
1 0.5899290 0.6731604 0.5860949 0.6082783 0.5587268 0.6098956 0.5625609 0.6747777
1 0.4591373 0.6229873 0.4553032 0.5581052 0.4279351 0.5597224 0.4317692 0.6246045
1 0.5545908 0.5399023 0.5584248 0.6047844 0.5857930 0.6031672 0.5819589 0.5382850
1 0.4237224 0.4884331 0.4275565 0.5533152 0.4549246 0.5516980 0.4510906 0.4868159
1 0.5503781 0.4686130 0.5542122 0.5334951 0.5815803 0.5318779 0.5777462 0.4669957
1 0.4508652 0.4830011 0.4470311 0.4181189 0.4196629 0.4197361 0.4234970 0.4846183
1 0.5463186 0.3999160 0.5501526 0.4647982 0.5775207 0.4631810 0.5736867 0.3982988
4 0.3509137 0.4487452 0.3484046 0.4062838 0.3233789 0.4077626 0.3258881 0.4502240
4 0.3479878 0.3992317 0.3454786 0.3567703 0.3204530 0.3582491 0.3229621 0.4007105
0 0.4622041 0.4215147 0.4772426 0.6760061 0.5566052 0.6713163 0.5415666 0.4168249
5 0.3320502 0.4787939 0.3338540 0.5093191 0.3441079 0.5087131 0.3423041 0.4781880
5 0.3485510 0.5839014 0.3467472 0.5533762 0.3364933 0.5539821 0.3382971 0.5845073
5 0.3407826 0.6265676 0.3425864 0.6570928 0.3528403 0.6564869 0.3510365 0.6259617
5 0.3572572 0.7312326 0.3554533 0.7007074 0.3451995 0.7013134 0.3470033 0.7318386
3 0.6943733 0.7087615 0.6906213 0.6452679 0.6612288 0.6470048 0.6649808 0.7104983
3 0.6851157 0.5520978 0.6813636 0.4886042 0.6519711 0.4903411 0.6557232 0.5538347
3 0.6565667 0.5681113 0.6603187 0.6316049 0.6897113 0.6298680 0.6859592 0.5663744
3 0.6804536 0.4732043 0.6767015 0.4097108 0.6473090 0.4114476 0.6510611 0.4749413
3 0.6425755 0.3313444 0.6463276 0.3948380 0.6757202 0.3931012 0.6719681 0.3296075
2 0.6550965 0.6546077 0.6396441 0.3931145 0.6072510 0.3950287 0.6227035 0.6565218
2 0.3565817 0.4342554 0.3720340 0.6957486 0.4044270 0.6938344 0.3889747 0.4323412
2 0.4393379 0.7746375 0.6023003 0.7491359 0.5942210 0.6975070 0.4312586 0.7230088
2 0.4168959 0.3948600 0.5798583 0.3693583 0.5717790 0.3177294 0.4088166 0.3432311
5 0.3753411 0.4034358 0.3948413 0.4003843 0.3922478 0.3838111 0.3727476 0.3868625
