1 0.4182392 0.6573350 0.4317101 0.5864368 0.4022721 0.5808434 0.3888012 0.6517417
1 0.5477394 0.7224879 0.5612103 0.6515896 0.5317723 0.6459963 0.5183014 0.7168947
1 0.4318374 0.5857661 0.4453084 0.5148679 0.4158703 0.5092745 0.4023994 0.5801728
1 0.5613376 0.6509190 0.5748085 0.5800208 0.5453705 0.5744275 0.5318996 0.6453257
1 0.4456876 0.5128720 0.4591584 0.4419736 0.4297204 0.4363803 0.4162495 0.5072787
1 0.5751877 0.5780249 0.5886586 0.5071266 0.5592206 0.5015333 0.5457497 0.5724316
1 0.4430668 0.3661370 0.4295960 0.4370353 0.4590340 0.4426286 0.4725048 0.3717303
1 0.5885342 0.5077814 0.6020050 0.4368832 0.5725670 0.4312899 0.5590962 0.5021881
4 0.3692189 0.3434565 0.3781059 0.2966831 0.3511773 0.2915667 0.3422903 0.3383400
4 0.3788384 0.2928282 0.3877254 0.2460549 0.3607968 0.2409384 0.3519098 0.2877117
0 0.5164216 0.6932871 0.5688002 0.4176142 0.4834671 0.4014007 0.4310886 0.6770737
5 0.3424567 0.3634591 0.3361686 0.3965538 0.3472273 0.3986549 0.3535154 0.3655603
5 0.3326197 0.4755359 0.3389078 0.4424412 0.3278491 0.4403400 0.3215610 0.4734347
5 0.3185179 0.5497553 0.3248059 0.5166607 0.3137472 0.5145596 0.3074592 0.5476542
5 0.3039963 0.6261837 0.3102844 0.5930891 0.2992257 0.5909879 0.2929376 0.6240826
3 0.6231552 0.7508827 0.6097806 0.8212746 0.6414425 0.8272905 0.6548172 0.7568986
3 0.6718792 0.6671001 0.6852538 0.5967083 0.6535918 0.5906924 0.6402171 0.6610843
3 0.6384826 0.6702133 0.6251079 0.7406052 0.6567700 0.7466210 0.6701446 0.6762291
3 0.6872066 0.5864306 0.7005811 0.5160387 0.6689191 0.5100229 0.6555445 0.5804148
3 0.7027689 0.5045242 0.7161435 0.4341322 0.6844815 0.4281164 0.6711069 0.4985083
2 0.6335515 0.4679813 0.5818017 0.7403454 0.6166242 0.7469618 0.6683740 0.4745976
2 0.3772523 0.3390343 0.3255025 0.6113985 0.3603250 0.6180148 0.4120748 0.3456507
2 0.3611857 0.7186651 0.5339286 0.8055739 0.5575002 0.7587221 0.3847573 0.6718134
2 0.4349685 0.3303382 0.6077114 0.4172472 0.6312832 0.3703954 0.4585402 0.2834863
5 0.4000852 0.3150486 0.4224805 0.3263158 0.4300309 0.3113080 0.4076357 0.3000408
