1 0.4143230 0.5488204 0.4033922 0.6159066 0.4314046 0.6204709 0.4423353 0.5533847
1 0.5393614 0.6027865 0.5284306 0.6698728 0.5564430 0.6744369 0.5673738 0.6073507
1 0.4255843 0.4797056 0.4146535 0.5467917 0.4426658 0.5513560 0.4535966 0.4842697
1 0.5506227 0.5336716 0.5396919 0.6007578 0.5677043 0.6053220 0.5786350 0.5382358
1 0.4370541 0.4093109 0.4261233 0.4763971 0.4541356 0.4809613 0.4650664 0.4138750
1 0.5791740 0.5349274 0.5901048 0.4678411 0.5620925 0.4632769 0.5511617 0.5303632
1 0.4481068 0.3414760 0.4371761 0.4085622 0.4651884 0.4131264 0.4761191 0.3460402
1 0.5902268 0.4670926 0.6011575 0.4000063 0.5731452 0.3954421 0.5622144 0.4625283
4 0.3771929 0.3240205 0.3844129 0.2797083 0.3587970 0.2755346 0.3515770 0.3198467
4 0.3851592 0.2751283 0.3923793 0.2308160 0.3667633 0.2266422 0.3595432 0.2709545
0 0.4875002 0.3723831 0.4446574 0.6353261 0.5258841 0.6485609 0.5687269 0.3856178
5 0.3521630 0.3449383 0.3470378 0.3763940 0.3575366 0.3781047 0.3626619 0.3466490
5 0.3454395 0.4523494 0.3505648 0.4208937 0.3400659 0.4191831 0.3349406 0.4506388
5 0.3283876 0.4908577 0.3232623 0.5223134 0.3337612 0.5240240 0.3388865 0.4925683
5 0.3163617 0.5646654 0.3112364 0.5961211 0.3217353 0.5978317 0.3268605 0.5663760
3 0.6510376 0.7503966 0.6619018 0.6837186 0.6318117 0.6788158 0.6209474 0.7454938
3 0.6734994 0.6136431 0.6843636 0.5469651 0.6542735 0.5420623 0.6434093 0.6087403
3 0.6609868 0.6904373 0.6718511 0.6237593 0.6417610 0.6188565 0.6308967 0.6855345
3 0.6669667 0.4641589 0.6561025 0.5308369 0.6861927 0.5357397 0.6970569 0.4690617
3 0.6798547 0.3850608 0.6689904 0.4517388 0.6990806 0.4566416 0.7099448 0.3899636
2 0.6227033 0.6935430 0.6654045 0.4314690 0.6322516 0.4260672 0.5895504 0.6881412
2 0.3752345 0.5867364 0.4179357 0.3246623 0.3847828 0.3192605 0.3420816 0.5813346
2 0.3795300 0.6829591 0.5454300 0.7545608 0.5655823 0.7078683 0.3996823 0.6362666
2 0.4406328 0.3079475 0.6065327 0.3795492 0.6266850 0.3328568 0.4607850 0.2612550
5 0.4339895 0.2894694 0.4127866 0.2803184 0.4063810 0.2951600 0.4275840 0.3043111
