1 0.4722819 0.6606468 0.4629429 0.5927455 0.4345017 0.5966573 0.4438407 0.6645585
1 0.6007307 0.6138487 0.5913919 0.5459474 0.5629506 0.5498591 0.5722895 0.6177604
1 0.4247365 0.5256557 0.4340754 0.5935570 0.4625165 0.5896453 0.4531776 0.5217440
1 0.5531853 0.4788576 0.5625242 0.5467589 0.5909654 0.5428472 0.5816265 0.4749459
1 0.4525704 0.5173291 0.4432314 0.4494279 0.4147903 0.4533396 0.4241292 0.5212408
1 0.5810193 0.4705310 0.5716803 0.4026298 0.5432391 0.4065415 0.5525781 0.4744428
1 0.4429859 0.4476427 0.4336470 0.3797414 0.4052058 0.3836530 0.4145447 0.4515544
1 0.5714348 0.4008446 0.5620959 0.3329433 0.5336547 0.3368549 0.5429936 0.4047563
4 0.3375392 0.4322198 0.3313103 0.3869309 0.3053041 0.3905078 0.3115329 0.4357966
4 0.3306311 0.3819930 0.3244022 0.3367042 0.2983959 0.3402810 0.3046249 0.3855698
0 0.4480632 0.3696792 0.4847989 0.6367767 0.5672750 0.6254332 0.5305393 0.3583357
5 0.3200859 0.4637045 0.3244773 0.4956337 0.3351315 0.4941683 0.3307400 0.4622392
5 0.3456216 0.5704397 0.3412302 0.5385105 0.3305760 0.5399759 0.3349674 0.5719050
5 0.3407030 0.6136069 0.3450944 0.6455361 0.3557486 0.6440707 0.3513572 0.6121415
5 0.3661770 0.7198932 0.3617856 0.6879640 0.3511313 0.6894293 0.3555228 0.7213585
3 0.6709518 0.5655037 0.6802199 0.6328896 0.7107622 0.6286889 0.7014941 0.5613030
3 0.6490944 0.4065834 0.6583624 0.4739693 0.6889048 0.4697686 0.6796367 0.4023827
3 0.6599447 0.4854738 0.6692128 0.5528597 0.6997550 0.5486590 0.6904870 0.4812731
3 0.6380873 0.3265535 0.6473554 0.3939394 0.6778976 0.3897387 0.6686296 0.3223528
3 0.6269114 0.2452965 0.6361794 0.3126824 0.6667218 0.3084817 0.6574537 0.2410958
2 0.6662066 0.5815228 0.6293076 0.3132383 0.5956433 0.3178684 0.6325423 0.5861529
2 0.3414247 0.4104885 0.3783239 0.6787730 0.4119882 0.6741430 0.3750890 0.4058584
2 0.4544360 0.7459919 0.6238312 0.6842757 0.6058749 0.6349903 0.4364797 0.6967065
2 0.4014502 0.3607439 0.5708453 0.2990277 0.5528890 0.2497423 0.3834939 0.3114585
5 0.3744605 0.3547905 0.3530986 0.3625734 0.3587940 0.3782058 0.3801560 0.3704230
