1 0.4624851 0.6728031 0.4523948 0.6046687 0.4238696 0.6088932 0.4339599 0.6770275
1 0.5907193 0.6224970 0.5806290 0.5543627 0.5521038 0.5585871 0.5621942 0.6267215
1 0.4519878 0.6019202 0.4418975 0.5337858 0.4133723 0.5380102 0.4234626 0.6061446
1 0.5802220 0.5516141 0.5701317 0.4834797 0.5416064 0.4877042 0.5516968 0.5558385
1 0.4412961 0.5297247 0.4312058 0.4615903 0.4026806 0.4658147 0.4127709 0.5339491
1 0.5309148 0.4155086 0.5410051 0.4836431 0.5695303 0.4794187 0.5594400 0.4112843
1 0.3923777 0.3962445 0.4024680 0.4643790 0.4309932 0.4601545 0.4209029 0.3920201
1 0.5206119 0.3459384 0.5307022 0.4140729 0.5592274 0.4098485 0.5491372 0.3417140
4 0.3251902 0.4476138 0.3184494 0.4020968 0.2923664 0.4059595 0.2991072 0.4514765
4 0.3177644 0.3974707 0.3110236 0.3519538 0.2849406 0.3558165 0.2916814 0.4013335
0 0.4350616 0.3803044 0.4747306 0.6481689 0.5574504 0.6359187 0.5177814 0.3680542
5 0.3079501 0.4791248 0.3126924 0.5111470 0.3233780 0.5095646 0.3186357 0.4775424
5 0.3346544 0.5857087 0.3299122 0.5536865 0.3192266 0.5552689 0.3239689 0.5872911
5 0.3455405 0.6592168 0.3407982 0.6271946 0.3301127 0.6287770 0.3348549 0.6607993
5 0.3413227 0.7044729 0.3460650 0.7364951 0.3567506 0.7349126 0.3520083 0.7028904
3 0.7011486 0.6346487 0.6911228 0.5669497 0.6604905 0.5714862 0.6705163 0.6391852
3 0.6369948 0.4128312 0.6470206 0.4805301 0.6776529 0.4759937 0.6676271 0.4082947
3 0.6486585 0.4915898 0.6586843 0.5592887 0.6893166 0.5547523 0.6792908 0.4870534
3 0.6658207 0.3960973 0.6557950 0.3283983 0.6251627 0.3329348 0.6351884 0.4006338
3 0.6131490 0.2518133 0.6231748 0.3195123 0.6538072 0.3149759 0.6437814 0.2472768
2 0.5825458 0.3253438 0.6222691 0.5935746 0.6560329 0.5885744 0.6163095 0.3203436
2 0.3287521 0.4249067 0.3684754 0.6931375 0.4022392 0.6881373 0.3625159 0.4199065
2 0.4455027 0.7585059 0.6150619 0.6919881 0.5959694 0.6433198 0.4264102 0.7098377
2 0.3885452 0.3739009 0.5581044 0.3073830 0.5390119 0.2587147 0.3694527 0.3252326
5 0.3613535 0.3687406 0.3398572 0.3771735 0.3459108 0.3926049 0.3674072 0.3841720
