1 0.4314978 0.6897889 0.4363994 0.6217158 0.4078687 0.6196615 0.4029672 0.6877345
1 0.5631562 0.7148886 0.5680578 0.6468155 0.5395271 0.6447612 0.5346256 0.7128342
1 0.4367363 0.6170373 0.4416379 0.5489641 0.4131072 0.5469098 0.4082056 0.6149830
1 0.5683947 0.6421371 0.5732963 0.5740640 0.5447656 0.5720096 0.5398640 0.6400827
1 0.4420718 0.5429386 0.4469734 0.4748654 0.4184426 0.4728111 0.4135411 0.5408843
1 0.5737302 0.5680383 0.5786318 0.4999652 0.5501010 0.4979109 0.5451995 0.5659840
1 0.4235841 0.4014070 0.4186825 0.4694800 0.4472132 0.4715344 0.4521148 0.4034614
1 0.5552425 0.4265066 0.5503410 0.4945798 0.5788715 0.4966341 0.5837732 0.4285610
4 0.3500032 0.4017848 0.3531692 0.3578154 0.3270786 0.3559367 0.3239125 0.3999062
4 0.3537089 0.3503199 0.3568750 0.3063504 0.3307843 0.3044716 0.3276182 0.3484412
0 0.4662871 0.4236958 0.4471172 0.6899260 0.5298448 0.6958828 0.5490146 0.4296526
5 0.3349020 0.4613109 0.3372029 0.4293570 0.3265077 0.4285869 0.3242069 0.4605408
5 0.3292748 0.5394622 0.3315756 0.5075084 0.3208804 0.5067383 0.3185796 0.5386921
5 0.3238423 0.6149082 0.3261431 0.5829543 0.3154480 0.5821843 0.3131472 0.6141381
5 0.3098539 0.6598756 0.3075530 0.6918294 0.3182482 0.6925996 0.3205490 0.6606457
3 0.6647280 0.7883300 0.6695267 0.7216851 0.6388764 0.7194781 0.6340777 0.7861230
3 0.6506016 0.5566406 0.6458029 0.6232854 0.6764530 0.6254925 0.6812518 0.5588475
3 0.6447811 0.6374756 0.6399823 0.7041204 0.6706325 0.7063273 0.6754313 0.6396825
3 0.6823575 0.5434898 0.6871563 0.4768450 0.6565061 0.4746380 0.6517074 0.5412829
3 0.6883528 0.4602298 0.6931515 0.3935848 0.6625013 0.3913779 0.6577026 0.4580229
2 0.6179047 0.4439980 0.5982966 0.7163144 0.6320616 0.7187456 0.6516697 0.4464293
2 0.3573340 0.3943220 0.3377259 0.6666384 0.3714909 0.6690696 0.3910990 0.3967532
2 0.3898031 0.7660069 0.5599822 0.7984503 0.5701405 0.7451652 0.3999615 0.7127219
2 0.4182265 0.3712630 0.5884055 0.4037064 0.5985640 0.3504212 0.4283849 0.3179779
5 0.3788470 0.3659611 0.3994454 0.3698880 0.4027139 0.3527433 0.3821155 0.3488164
