1 0.4543470 0.6609913 0.4533496 0.5963895 0.4253324 0.5968220 0.4263297 0.6614238
1 0.5847171 0.6556605 0.5837199 0.5910588 0.5557027 0.5914912 0.5566999 0.6560930
1 0.4242200 0.5247607 0.4252173 0.5893624 0.4532345 0.5889299 0.4522373 0.5243282
1 0.5545902 0.5194299 0.5555875 0.5840316 0.5836047 0.5835991 0.5826074 0.5189974
1 0.4230870 0.4513649 0.4240843 0.5159667 0.4521015 0.5155342 0.4511043 0.4509324
1 0.5534572 0.4460342 0.5544545 0.5106359 0.5824717 0.5102034 0.5814744 0.4456017
1 0.4219953 0.3806381 0.4229925 0.4452398 0.4510098 0.4448074 0.4500126 0.3802056
1 0.5523654 0.3753074 0.5533627 0.4399091 0.5813799 0.4394766 0.5803826 0.3748749
4 0.3503570 0.3983414 0.3497050 0.3561075 0.3240882 0.3565030 0.3247402 0.3987368
4 0.3495701 0.3473647 0.3489181 0.3051308 0.3233013 0.3055263 0.3239533 0.3477601
0 0.5506712 0.6460285 0.5467164 0.3898326 0.4654644 0.3910869 0.4694192 0.6472827
5 0.3407357 0.4595523 0.3402635 0.4289570 0.3297731 0.4291189 0.3302454 0.4597143
5 0.3309680 0.5065289 0.3314403 0.5371242 0.3419308 0.5369623 0.3414584 0.5063669
5 0.3430843 0.6116925 0.3426120 0.5810971 0.3321216 0.5812591 0.3325939 0.6118544
5 0.3333095 0.6582134 0.3337818 0.6888087 0.3442722 0.6886468 0.3437999 0.6580514
3 0.6899014 0.7040522 0.6889265 0.6409040 0.6588475 0.6413683 0.6598223 0.7045165
3 0.6874115 0.5427595 0.6864367 0.4796113 0.6563576 0.4800757 0.6573325 0.5432238
3 0.6886475 0.6228275 0.6876727 0.5596794 0.6575936 0.5601437 0.6585684 0.6232919
3 0.6861577 0.4615349 0.6851829 0.3983867 0.6551038 0.3988510 0.6560786 0.4619992
3 0.6848847 0.3790647 0.6839099 0.3159165 0.6538309 0.3163809 0.6548056 0.3795289
2 0.6148713 0.3772263 0.6190001 0.6446938 0.6521661 0.6441818 0.6480373 0.3767143
2 0.3941450 0.6547321 0.3900161 0.3872645 0.3568501 0.3877765 0.3609790 0.6552441
2 0.4257809 0.7435587 0.5907504 0.7368132 0.5885465 0.6829122 0.4235769 0.6896577
2 0.4197452 0.3525596 0.5847147 0.3458141 0.5825107 0.2919130 0.4175412 0.2986584
5 0.3955873 0.3383310 0.3766084 0.3391069 0.3773095 0.3562547 0.3962884 0.3554788
