1 0.4069291 0.6273071 0.3962628 0.6956767 0.4244138 0.7000685 0.4350801 0.6316988
1 0.5504001 0.7520750 0.5610663 0.6837054 0.5329154 0.6793137 0.5222492 0.7476832
1 0.4352722 0.6304673 0.4459385 0.5620977 0.4177875 0.5577059 0.4071212 0.6260754
1 0.5437739 0.6097124 0.5331074 0.6780819 0.5612585 0.6824738 0.5719249 0.6141043
1 0.4463316 0.5595773 0.4569980 0.4912078 0.4288470 0.4868159 0.4181806 0.5551854
1 0.5723180 0.6115838 0.5829843 0.5432143 0.5548333 0.5388224 0.5441670 0.6071920
1 0.4569890 0.4912651 0.4676552 0.4228955 0.4395042 0.4185037 0.4288380 0.4868733
1 0.5654906 0.4705102 0.5548244 0.5388799 0.5829753 0.5432717 0.5936416 0.4749021
4 0.3679932 0.4034873 0.3749558 0.3588575 0.3492002 0.3548394 0.3422376 0.3994692
4 0.3756746 0.3542508 0.3826372 0.3096210 0.3568815 0.3056030 0.3499189 0.3502328
0 0.4792285 0.4492291 0.4379378 0.7138971 0.5195260 0.7266256 0.5608166 0.4619576
5 0.3485997 0.4580786 0.3535716 0.4262093 0.3429836 0.4245574 0.3380117 0.4564267
5 0.3313193 0.4993246 0.3263474 0.5311939 0.3369354 0.5328457 0.3419073 0.5009764
5 0.3256749 0.6050246 0.3306468 0.5731553 0.3200587 0.5715034 0.3150868 0.6033728
5 0.3140792 0.6793517 0.3190511 0.6474823 0.3084630 0.6458305 0.3034911 0.6776999
3 0.6433072 0.8449529 0.6538206 0.7775632 0.6235225 0.7728364 0.6130092 0.8402262
3 0.6676112 0.6891668 0.6781246 0.6217771 0.6478266 0.6170503 0.6373132 0.6844400
3 0.6357617 0.6943848 0.6252483 0.7617745 0.6555464 0.7665013 0.6660597 0.6991116
3 0.6798503 0.6107152 0.6903638 0.5433254 0.6600657 0.5385987 0.6495523 0.6059884
3 0.6724926 0.4589441 0.6619791 0.5263338 0.6922772 0.5310606 0.7027906 0.4636709
2 0.6249396 0.5011712 0.5838062 0.7648319 0.6170973 0.7700256 0.6582307 0.5063649
2 0.3677523 0.6670972 0.4088857 0.4034365 0.3755946 0.3982428 0.3344612 0.6619035
2 0.5594813 0.7852294 0.3926004 0.7163417 0.3730359 0.7637368 0.5399169 0.8326244
2 0.4319527 0.3860866 0.5988337 0.4549741 0.6183982 0.4075790 0.4515172 0.3386914
5 0.4248200 0.3675101 0.4034632 0.3586941 0.3971395 0.3740129 0.4184963 0.3828290
