1 0.4308030 0.5417448 0.4432413 0.4741570 0.4153195 0.4690185 0.4028812 0.5366063
1 0.5539969 0.6017485 0.5664352 0.5341606 0.5385134 0.5290221 0.5260751 0.5966100
1 0.4433299 0.4736757 0.4557682 0.4060879 0.4278464 0.4009494 0.4154081 0.4685372
1 0.5510403 0.4609530 0.5386021 0.5285408 0.5665238 0.5336792 0.5789620 0.4660915
1 0.4560887 0.4043462 0.4685270 0.3367584 0.4406053 0.3316199 0.4281669 0.3992077
1 0.5792826 0.4643497 0.5917209 0.3967620 0.5637991 0.3916236 0.5513608 0.4592113
1 0.4683836 0.3375377 0.4808219 0.2699500 0.4529001 0.2648115 0.4404618 0.3323992
1 0.5760940 0.3248151 0.5636557 0.3924029 0.5915775 0.3975413 0.6040158 0.3299536
4 0.3828438 0.2434263 0.3910129 0.1990361 0.3654658 0.1943346 0.3572966 0.2387248
4 0.3917053 0.1952736 0.3998745 0.1508836 0.3743274 0.1461821 0.3661583 0.1905722
0 0.5242107 0.5740729 0.5723844 0.3123043 0.4914639 0.2974123 0.4432902 0.5591810
5 0.3622684 0.2963244 0.3680668 0.2648165 0.3575619 0.2628833 0.3517635 0.2943912
5 0.3488118 0.3694457 0.3546102 0.3379380 0.3441052 0.3360047 0.3383068 0.3675125
5 0.3311144 0.4065948 0.3253160 0.4381025 0.3358210 0.4400358 0.3416194 0.4085280
5 0.3224435 0.5127268 0.3282420 0.4812189 0.3177370 0.4792857 0.3119386 0.5107935
3 0.6436237 0.6989182 0.6559345 0.6320233 0.6258781 0.6264920 0.6135674 0.6933869
3 0.6716623 0.5465613 0.6839730 0.4796665 0.6539167 0.4741352 0.6416059 0.5410300
3 0.6577435 0.6221936 0.6700543 0.5552987 0.6399980 0.5497673 0.6276871 0.6166621
3 0.6857820 0.4698367 0.6980927 0.4029418 0.6680363 0.3974105 0.6557256 0.4643054
3 0.7001182 0.3919355 0.7124290 0.3250406 0.6823726 0.3195093 0.6700619 0.3864042
2 0.6196547 0.6230478 0.6672888 0.3642113 0.6342709 0.3581349 0.5866368 0.6169715
2 0.3904527 0.2393792 0.3428186 0.4982157 0.3758365 0.5042921 0.4234706 0.2454555
2 0.3774056 0.5998145 0.5415491 0.6797633 0.5634122 0.6348757 0.3992688 0.5549270
2 0.6313819 0.2655385 0.4672385 0.1855898 0.4453753 0.2304773 0.6095187 0.3104260
5 0.4120167 0.2161386 0.4332858 0.2264981 0.4403284 0.2120389 0.4190594 0.2016793
