1 0.4574066 0.6528058 0.4511793 0.5868897 0.4233474 0.5895191 0.4295747 0.6554351
1 0.5510389 0.5575632 0.5572660 0.6234793 0.5850979 0.6208500 0.5788708 0.5549339
1 0.4166794 0.5189359 0.4229066 0.5848519 0.4507384 0.5822226 0.4445112 0.5163065
1 0.5443707 0.4869801 0.5505978 0.5528961 0.5784298 0.5502669 0.5722026 0.4843508
1 0.4098877 0.4470458 0.4161149 0.5129619 0.4439468 0.5103325 0.4377196 0.4444165
1 0.5375791 0.4150900 0.5438062 0.4810060 0.5716381 0.4783767 0.5654109 0.4124607
1 0.4374022 0.4410565 0.4311749 0.3751405 0.4033431 0.3777699 0.4095703 0.4436859
4 0.3348151 0.4150477 0.3306835 0.3713145 0.3052355 0.3737186 0.3093671 0.4174518
4 0.3300980 0.3651168 0.3259664 0.3213835 0.3005184 0.3237876 0.3046500 0.3675209
0 0.5515302 0.6250467 0.5269297 0.3646463 0.4462169 0.3722714 0.4708175 0.6326718
5 0.3166296 0.4459445 0.3195671 0.4770380 0.3299898 0.4760534 0.3270523 0.4449599
5 0.3237926 0.5217665 0.3267301 0.5528600 0.3371528 0.5518754 0.3342153 0.5207818
5 0.3440679 0.6250725 0.3411305 0.5939790 0.3307077 0.5949637 0.3336452 0.6260571
5 0.3378287 0.6703393 0.3407661 0.7014328 0.3511889 0.7004482 0.3482514 0.6693547
3 0.6561849 0.5847695 0.6623397 0.6499199 0.6922226 0.6470968 0.6860677 0.5819464
3 0.6412597 0.4267856 0.6474146 0.4919359 0.6772975 0.4891128 0.6711426 0.4239625
3 0.6486688 0.5052111 0.6548237 0.5703615 0.6847065 0.5675384 0.6785516 0.5023880
3 0.6337438 0.3472272 0.6398987 0.4123775 0.6697814 0.4095544 0.6636266 0.3444040
3 0.6261124 0.2664487 0.6322674 0.3315991 0.6621502 0.3287760 0.6559952 0.2636256
2 0.6505185 0.5960971 0.6254766 0.3310267 0.5925312 0.3341392 0.6175731 0.5992095
2 0.3398119 0.3973842 0.3648537 0.6624546 0.3977991 0.6593422 0.3727573 0.3942717
2 0.4362490 0.7362994 0.6025546 0.6946800 0.5898136 0.6437688 0.4235081 0.6853882
2 0.4000683 0.3533211 0.5663738 0.3117018 0.5536329 0.2607906 0.3873273 0.3024099
5 0.3579101 0.3657330 0.3783307 0.3606226 0.3742934 0.3444902 0.3538729 0.3496006
