1 0.4466387 0.5714592 0.4589936 0.6364893 0.4860164 0.6313553 0.4736615 0.5663252
1 0.6049019 0.5715427 0.5925470 0.5065125 0.5655243 0.5116465 0.5778792 0.5766767
1 0.4735335 0.5656507 0.4611784 0.5006206 0.4341556 0.5057546 0.4465106 0.5707847
1 0.5924188 0.5058382 0.5800639 0.4408080 0.5530412 0.4459420 0.5653961 0.5109721
1 0.4608191 0.4987296 0.4484642 0.4336994 0.4214414 0.4388334 0.4337963 0.5038636
1 0.5403270 0.3790208 0.5526819 0.4440510 0.5797046 0.4389170 0.5673497 0.3738868
1 0.4485673 0.4342419 0.4362123 0.3692117 0.4091895 0.3743457 0.4215445 0.4393759
1 0.5674528 0.3744293 0.5550978 0.3093991 0.5280750 0.3145331 0.5404300 0.3795633
4 0.3483163 0.4316274 0.3400696 0.3882208 0.3153517 0.3929170 0.3235984 0.4363235
4 0.3394856 0.3851476 0.3312390 0.3417411 0.3065211 0.3464372 0.3147678 0.3898437
0 0.5746080 0.5902284 0.5265321 0.3371815 0.4481959 0.3520644 0.4962718 0.6051114
5 0.3487905 0.4897037 0.3430184 0.4593224 0.3328709 0.4612503 0.3386430 0.4916316
5 0.3462805 0.5318316 0.3520526 0.5622129 0.3622001 0.5602850 0.3564280 0.5299037
5 0.3592259 0.5999695 0.3649980 0.6303509 0.3751455 0.6284230 0.3693734 0.5980417
5 0.3725566 0.6701354 0.3783287 0.7005167 0.3884762 0.6985888 0.3827041 0.6682075
3 0.6679426 0.5128461 0.6802148 0.5774407 0.7092729 0.5719201 0.6970007 0.5073254
3 0.6813324 0.4248556 0.6690602 0.3602610 0.6400021 0.3657817 0.6522743 0.4303764
3 0.6538722 0.4387867 0.6661444 0.5033813 0.6952025 0.4978606 0.6829303 0.4332660
3 0.6259318 0.2917222 0.6382040 0.3563168 0.6672621 0.3507962 0.6549898 0.2862015
3 0.6116456 0.2165271 0.6239178 0.2811217 0.6529759 0.2756010 0.6407037 0.2110064
2 0.6650555 0.5328288 0.6175495 0.2827819 0.5855812 0.2888555 0.6330872 0.5389024
2 0.4297641 0.6512065 0.3822582 0.4011596 0.3502899 0.4072332 0.3977958 0.6572801
2 0.4730068 0.7114590 0.6315913 0.6316733 0.6099513 0.5886608 0.4513667 0.6684465
2 0.4052746 0.3549516 0.5638592 0.2751658 0.5422191 0.2321532 0.3836345 0.3119390
5 0.3655935 0.3767691 0.3861451 0.3664295 0.3792199 0.3526646 0.3586683 0.3630043
