1 0.4333996 0.6393269 0.4393498 0.5712431 0.4105130 0.5687229 0.4045628 0.6368067
1 0.5659803 0.6700215 0.5719305 0.6019378 0.5430937 0.5994176 0.5371435 0.6675013
1 0.4398044 0.5660408 0.4457548 0.4979571 0.4169180 0.4954368 0.4109677 0.5635206
1 0.5723852 0.5967354 0.5783355 0.5286517 0.5494988 0.5261315 0.5435485 0.5942152
1 0.4234416 0.4207937 0.4174913 0.4888774 0.4463280 0.4913976 0.4522783 0.4233139
1 0.5789088 0.5220923 0.5848591 0.4540085 0.5560223 0.4514883 0.5500721 0.5195720
1 0.4526143 0.4194688 0.4585646 0.3513850 0.4297279 0.3488648 0.4237777 0.4169486
1 0.5851951 0.4501634 0.5911454 0.3820797 0.5623087 0.3795594 0.5563584 0.4476432
4 0.3555082 0.3449385 0.3594038 0.3003651 0.3330379 0.2980608 0.3291424 0.3426341
4 0.3600391 0.2930954 0.3639347 0.2485222 0.3375688 0.2462179 0.3336733 0.2907912
0 0.4725471 0.3727292 0.4489996 0.6421613 0.5326291 0.6494702 0.5561765 0.3800382
5 0.3393436 0.4045269 0.3421526 0.3723865 0.3313560 0.3714429 0.3285470 0.4035833
5 0.3324633 0.4832525 0.3352722 0.4511121 0.3244756 0.4501686 0.3216667 0.4823089
5 0.3258211 0.5592529 0.3286300 0.5271124 0.3178335 0.5261688 0.3150246 0.5583093
5 0.3109937 0.6044310 0.3081847 0.6365714 0.3189813 0.6375149 0.3217902 0.6053746
3 0.6423618 0.6781737 0.6364813 0.7454593 0.6674389 0.7481649 0.6733195 0.6808792
3 0.6566978 0.5141398 0.6508173 0.5814254 0.6817750 0.5841310 0.6876555 0.5168453
3 0.6889943 0.5015259 0.6948749 0.4342403 0.6639172 0.4315346 0.6580367 0.4988202
3 0.6963245 0.4176542 0.7022051 0.3503685 0.6712472 0.3476629 0.6653667 0.4149485
2 0.6254034 0.3988414 0.6013747 0.6737796 0.6355113 0.6767630 0.6595399 0.4018248
2 0.3731151 0.6160139 0.3971437 0.3410757 0.3630072 0.3380923 0.3389786 0.6130306
2 0.3890496 0.7145519 0.5613257 0.7544367 0.5736277 0.7013003 0.4013515 0.6614156
2 0.4238023 0.3169076 0.5960786 0.3567923 0.6083805 0.3036559 0.4361042 0.2637712
5 0.3848684 0.3098292 0.4059108 0.3147010 0.4098034 0.2978878 0.3887610 0.2930161
