1 0.4451158 0.5729139 0.4449678 0.5096279 0.4177342 0.5096916 0.4178822 0.5729777
1 0.5444917 0.5089146 0.5446398 0.5722006 0.5718732 0.5721369 0.5717252 0.5088508
1 0.4175704 0.4396632 0.4177184 0.5029492 0.4449520 0.5028855 0.4448041 0.4395995
1 0.5717096 0.5021085 0.5715615 0.4388224 0.5443279 0.4388861 0.5444760 0.5021721
1 0.4174036 0.3683380 0.4175516 0.4316241 0.4447852 0.4315603 0.4446372 0.3682743
1 0.5441611 0.3675610 0.5443091 0.4308469 0.5715427 0.4307833 0.5713947 0.3674973
1 0.4446245 0.3628289 0.4444765 0.2995428 0.4172429 0.2996065 0.4173909 0.3628925
1 0.5713819 0.3620518 0.5712339 0.2987658 0.5440004 0.2988295 0.5441484 0.3621155
4 0.3474078 0.3130577 0.3473123 0.2722196 0.3224100 0.2722778 0.3225055 0.3131159
4 0.3472919 0.2635191 0.3471964 0.2226810 0.3222941 0.2227392 0.3223896 0.2635773
0 0.4593540 0.3122132 0.4599339 0.5602138 0.5389075 0.5600291 0.5383275 0.3120285
5 0.3372773 0.3725893 0.3372076 0.3427835 0.3270051 0.3428073 0.3270748 0.3726133
5 0.3271810 0.4180335 0.3272507 0.4478393 0.3374532 0.4478155 0.3373835 0.4180096
5 0.3273509 0.4906554 0.3274206 0.5204613 0.3376231 0.5204375 0.3375534 0.4906315
5 0.3377980 0.5952208 0.3377282 0.5654149 0.3275258 0.5654387 0.3275955 0.5952446
3 0.6440843 0.5604159 0.6442276 0.6217080 0.6734741 0.6216396 0.6733308 0.5603474
3 0.6437177 0.4036735 0.6438611 0.4649656 0.6731076 0.4648972 0.6729642 0.4036051
3 0.6438997 0.4814827 0.6440430 0.5427748 0.6732895 0.5427064 0.6731462 0.4814143
3 0.6435331 0.3247403 0.6436764 0.3860324 0.6729230 0.3859640 0.6727796 0.3246719
3 0.6433457 0.2445968 0.6434891 0.3058888 0.6727355 0.3058204 0.6725922 0.2445284
2 0.6375589 0.5620001 0.6369522 0.3025929 0.6047177 0.3026683 0.6053244 0.5620755
2 0.3866878 0.5635381 0.3860811 0.3041308 0.3538466 0.3042062 0.3544533 0.5636134
2 0.4161536 0.6514869 0.5757147 0.6505087 0.5753933 0.5980750 0.4158321 0.5990532
2 0.4152649 0.2715183 0.5748261 0.2705402 0.5745046 0.2181064 0.4149435 0.2190846
5 0.3921434 0.2565087 0.3740036 0.2566199 0.3741075 0.2735730 0.3922473 0.2734619
