1 0.4074918 0.4766100 0.3957331 0.5439337 0.4234784 0.5487797 0.4352371 0.4814559
1 0.5305282 0.5334822 0.5187695 0.6008060 0.5465147 0.6056520 0.5582734 0.5383282
1 0.4353508 0.4808051 0.4471095 0.4134814 0.4193642 0.4086354 0.4076055 0.4759591
1 0.5583871 0.5376774 0.5701458 0.4703537 0.5424006 0.4655077 0.5306419 0.5328314
1 0.4474429 0.4115720 0.4592017 0.3442482 0.4314564 0.3394023 0.4196977 0.4067261
1 0.5704793 0.4684442 0.5822381 0.4011205 0.5544928 0.3962745 0.5427340 0.4635983
1 0.4431089 0.2726865 0.4313503 0.3400103 0.4590955 0.3448563 0.4708542 0.2775325
1 0.5661454 0.3295589 0.5543866 0.3968826 0.5821319 0.4017286 0.5938906 0.3344049
4 0.3732446 0.2530487 0.3809465 0.2089517 0.3555629 0.2045181 0.3478609 0.2486152
4 0.3816432 0.2049631 0.3893452 0.1608659 0.3639615 0.1564324 0.3562596 0.2005296
0 0.4817424 0.3042309 0.4362466 0.5647138 0.5166615 0.5787591 0.5621573 0.3182760
5 0.3532293 0.3061447 0.3587093 0.2747692 0.3482763 0.2729470 0.3427963 0.3043225
5 0.3355227 0.3459668 0.3300427 0.3773423 0.3404757 0.3791645 0.3459557 0.3477890
5 0.3232107 0.4164587 0.3177306 0.4478343 0.3281636 0.4496565 0.3336436 0.4182810
5 0.3154851 0.5222465 0.3209651 0.4908709 0.3105321 0.4890487 0.3050521 0.5204242
3 0.6365012 0.7001413 0.6481178 0.6336312 0.6182602 0.6284163 0.6066436 0.6949264
3 0.6316424 0.5517982 0.6200258 0.6183082 0.6498833 0.6235231 0.6614999 0.5570130
3 0.6582159 0.3996531 0.6465994 0.4661630 0.6764569 0.4713778 0.6880735 0.4048679
3 0.6900441 0.3935850 0.7016607 0.3270749 0.6718031 0.3218600 0.6601865 0.3883701
2 0.6242907 0.3613603 0.5792018 0.6195140 0.6120147 0.6252450 0.6571037 0.3670914
2 0.3685082 0.5126868 0.4135970 0.2545331 0.3807841 0.2488021 0.3356952 0.5069557
2 0.3712547 0.6077482 0.5348876 0.6833856 0.5558374 0.6380632 0.3922045 0.5624257
2 0.6202561 0.2692391 0.4566231 0.1936015 0.4356733 0.2389238 0.5993062 0.3145615
5 0.4021446 0.2253165 0.4232660 0.2350796 0.4300304 0.2204456 0.4089090 0.2106825
