1 0.4435654 0.6885042 0.4429997 0.6251960 0.4156885 0.6254400 0.4162542 0.6887484
1 0.5428094 0.6224310 0.5433751 0.6857393 0.5706863 0.6854952 0.5701205 0.6221869
1 0.4429377 0.6182546 0.4423719 0.5549463 0.4150607 0.5551904 0.4156265 0.6184987
1 0.5421816 0.5521813 0.5427474 0.6154896 0.5700585 0.6152455 0.5694928 0.5519372
1 0.4144214 0.4836399 0.4149871 0.5469482 0.4422982 0.5467042 0.4417325 0.4833958
1 0.5415422 0.4806308 0.5421079 0.5439391 0.5694191 0.5436951 0.5688534 0.4803867
1 0.4138052 0.4146913 0.4143710 0.4779996 0.4416821 0.4777555 0.4411164 0.4144472
1 0.5409260 0.4116822 0.5414918 0.4749905 0.5688030 0.4747464 0.5682372 0.4114382
4 0.3438606 0.4309480 0.3434934 0.3898616 0.3185224 0.3900847 0.3188896 0.4311712
4 0.3434165 0.3812530 0.3430493 0.3401665 0.3180784 0.3403897 0.3184456 0.3814761
0 0.4561202 0.4263636 0.4583482 0.6756893 0.5375538 0.6749815 0.5353258 0.4256558
5 0.3236016 0.4607084 0.3238686 0.4905930 0.3340936 0.4905016 0.3338265 0.4606170
5 0.3347680 0.5659653 0.3345009 0.5360808 0.3242759 0.5361722 0.3245430 0.5660567
5 0.3354190 0.6388167 0.3351519 0.6089321 0.3249269 0.6090236 0.3251940 0.6389081
5 0.3255973 0.6840432 0.3258644 0.7139276 0.3360894 0.7138363 0.3358223 0.6839517
3 0.6430454 0.6731917 0.6435955 0.7347550 0.6729149 0.7344930 0.6723648 0.6729298
3 0.6715097 0.5772555 0.6709596 0.5156922 0.6416401 0.5159542 0.6421903 0.5775175
3 0.6423377 0.5940093 0.6428879 0.6555725 0.6722074 0.6553105 0.6716571 0.5937473
3 0.6708022 0.4980730 0.6702520 0.4365097 0.6409326 0.4367717 0.6414828 0.4983350
3 0.6402141 0.3563750 0.6407643 0.4179383 0.6700838 0.4176763 0.6695336 0.3561130
2 0.6018503 0.4151548 0.6041780 0.6756424 0.6365089 0.6753534 0.6341812 0.4148659
2 0.3502600 0.4211102 0.3525878 0.6815977 0.3849186 0.6813088 0.3825908 0.4208212
2 0.4151244 0.7687119 0.5755674 0.7649142 0.5743228 0.7123320 0.4138798 0.7161298
2 0.4117182 0.3875431 0.5721612 0.3837454 0.5709166 0.3311632 0.4104736 0.3349609
5 0.3703949 0.3905891 0.3887408 0.3901548 0.3883412 0.3732697 0.3699952 0.3737039
