1 0.4724898 0.6999367 0.4635679 0.6307409 0.4347854 0.6344521 0.4437073 0.7036479
1 0.5651971 0.5899239 0.5741190 0.6591196 0.6029014 0.6554085 0.5939795 0.5862128
1 0.4631967 0.6278616 0.4542748 0.5586659 0.4254924 0.5623770 0.4344142 0.6315727
1 0.5559039 0.5178488 0.5648258 0.5870446 0.5936083 0.5833335 0.5846864 0.5141377
1 0.4160271 0.4889673 0.4249490 0.5581631 0.4537315 0.5544520 0.4448096 0.4852562
1 0.5464388 0.4444391 0.5553606 0.5136349 0.5841430 0.5099238 0.5752212 0.4407280
1 0.4446105 0.4837118 0.4356886 0.4145160 0.4069062 0.4182271 0.4158280 0.4874229
1 0.5373178 0.3736990 0.5462396 0.4428948 0.5750221 0.4391837 0.5661002 0.3699879
4 0.3380374 0.4661804 0.3321282 0.4203496 0.3058043 0.4237437 0.3117136 0.4695745
4 0.3314634 0.4151941 0.3255542 0.3693634 0.2992304 0.3727574 0.3051396 0.4185882
0 0.5688558 0.6657425 0.5339815 0.3952653 0.4505328 0.4060249 0.4854071 0.6765021
5 0.3351057 0.5288702 0.3309225 0.4964269 0.3201247 0.4978191 0.3243079 0.5302625
5 0.3301077 0.5752437 0.3342908 0.6076871 0.3450886 0.6062949 0.3409055 0.5738515
5 0.3397449 0.6499881 0.3439281 0.6824315 0.3547259 0.6810392 0.3505427 0.6485959
5 0.3646499 0.7580081 0.3604668 0.7255648 0.3496690 0.7269570 0.3538522 0.7594004
3 0.6744546 0.6087416 0.6832646 0.6770694 0.7141983 0.6730809 0.7053884 0.6047531
3 0.6536542 0.4474183 0.6624641 0.5157462 0.6933978 0.5117577 0.6845879 0.4434298
3 0.7037235 0.5918410 0.6949135 0.5235131 0.6639798 0.5275016 0.6727898 0.5958294
3 0.6431794 0.3661783 0.6519893 0.4345062 0.6829230 0.4305178 0.6741132 0.3621898
3 0.6325440 0.2836925 0.6413539 0.3520205 0.6722876 0.3480320 0.6634777 0.2797040
2 0.6003247 0.3565763 0.6353967 0.6285868 0.6694540 0.6241955 0.6343819 0.3521851
2 0.4113509 0.7123231 0.3762788 0.4403127 0.3422215 0.4447039 0.3772936 0.7167144
2 0.4536999 0.7863905 0.6252880 0.7278028 0.6080586 0.6773424 0.4364705 0.7359302
2 0.4032763 0.3953173 0.5748644 0.3367296 0.5576351 0.2862692 0.3860469 0.3448569
5 0.3600225 0.4122403 0.3815974 0.4048738 0.3760830 0.3887235 0.3545082 0.3960900
