1 0.4148292 0.5598514 0.4153158 0.6233485 0.4428875 0.6231372 0.4424009 0.5596401
1 0.5431657 0.5572466 0.5436523 0.6207438 0.5712239 0.6205324 0.5707373 0.5570353
1 0.4142856 0.4889179 0.4147722 0.5524150 0.4423440 0.5522037 0.4418573 0.4887066
1 0.5706804 0.5495989 0.5701939 0.4861017 0.5426222 0.4863130 0.5431087 0.5498102
1 0.4137321 0.4166709 0.4142186 0.4801680 0.4417903 0.4799567 0.4413037 0.4164597
1 0.5420686 0.4140661 0.5425551 0.4775632 0.5701268 0.4773520 0.5696402 0.4138548
1 0.5415350 0.3444464 0.5420216 0.4079435 0.5695933 0.4077322 0.5691067 0.3442351
4 0.3425582 0.3620464 0.3422412 0.3206757 0.3170319 0.3208688 0.3173489 0.3622395
4 0.3421737 0.3118676 0.3418566 0.2704970 0.3166474 0.2706902 0.3169644 0.3120608
0 0.4559002 0.3587549 0.4578262 0.6101055 0.5377868 0.6094928 0.5358607 0.3581421
5 0.3220693 0.3923302 0.3222996 0.4223812 0.3326226 0.4223021 0.3323923 0.3922511
5 0.3226531 0.4685286 0.3228835 0.4985796 0.3332064 0.4985004 0.3329762 0.4684495
5 0.3337702 0.5720609 0.3335398 0.5420100 0.3232168 0.5420891 0.3234471 0.5721401
5 0.3237973 0.6178389 0.3240276 0.6478899 0.3343506 0.6478108 0.3341203 0.6177598
3 0.6743602 0.6697964 0.6738858 0.6078806 0.6442860 0.6081073 0.6447604 0.6700232
3 0.6731436 0.5110283 0.6726691 0.4491125 0.6430693 0.4493393 0.6435438 0.5112551
3 0.6436732 0.5281541 0.6441478 0.5900700 0.6737475 0.5898432 0.6732731 0.5279273
3 0.6424567 0.3693860 0.6429311 0.4313018 0.6725309 0.4310750 0.6720564 0.3691592
3 0.6418346 0.2882067 0.6423091 0.3501225 0.6719088 0.3498957 0.6714343 0.2879799
2 0.6030294 0.3473632 0.6050445 0.6103358 0.6376835 0.6100857 0.6356684 0.3471131
2 0.3490333 0.3525184 0.3510484 0.6154910 0.3836873 0.6152409 0.3816722 0.3522683
2 0.4140548 0.7036551 0.5759499 0.7003692 0.5748722 0.6472703 0.4129771 0.6505562
2 0.4111055 0.3187760 0.5730006 0.3154901 0.5719228 0.2623910 0.4100278 0.2656769
5 0.3693914 0.3214496 0.3878838 0.3210744 0.3875399 0.3041282 0.3690475 0.3045035
