1 0.4273946 0.5858291 0.4390584 0.6532745 0.4671471 0.6484170 0.4554832 0.5809716
1 0.5521280 0.5286952 0.5637919 0.5961405 0.5918807 0.5912828 0.5802167 0.5238376
1 0.4154717 0.5168864 0.4271356 0.5843316 0.4552242 0.5794740 0.4435603 0.5120287
1 0.5402052 0.4597523 0.5518690 0.5271976 0.5799578 0.5223400 0.5682939 0.4548947
1 0.4430805 0.5092545 0.4314167 0.4418091 0.4033280 0.4466667 0.4149919 0.5141121
1 0.5280616 0.3895327 0.5397255 0.4569781 0.5678142 0.4521205 0.5561503 0.3846751
1 0.3916260 0.3790008 0.4032898 0.4464462 0.4313785 0.4415886 0.4197147 0.3741432
1 0.5163594 0.3218667 0.5280234 0.3893121 0.5561121 0.3844545 0.5444482 0.3170091
4 0.3271177 0.4349201 0.3193296 0.3898863 0.2936413 0.3943288 0.3014294 0.4393626
4 0.3186834 0.3861495 0.3108953 0.3411156 0.2852069 0.3455581 0.2929950 0.3905920
0 0.5598308 0.6082171 0.5142586 0.3447005 0.4328187 0.3587846 0.4783909 0.6223012
5 0.3267004 0.4955917 0.3212383 0.4640074 0.3107033 0.4658294 0.3161654 0.4974136
5 0.3235112 0.5398893 0.3289733 0.5714736 0.3395083 0.5696517 0.3340462 0.5380673
5 0.3358756 0.6113855 0.3413377 0.6429698 0.3518727 0.6411479 0.3464106 0.6095636
5 0.3486080 0.6850096 0.3540701 0.7165939 0.3646051 0.7147720 0.3591430 0.6831877
3 0.7005270 0.5962694 0.6889397 0.5292673 0.6587556 0.5344873 0.6703429 0.6014894
3 0.6738404 0.4419568 0.6622531 0.3749546 0.6320691 0.3801746 0.6436563 0.4471768
3 0.6453167 0.4567776 0.6569040 0.5237797 0.6870880 0.5185598 0.6755008 0.4515576
3 0.6186301 0.3024650 0.6302173 0.3694672 0.6604014 0.3642473 0.6488141 0.2972450
3 0.6049851 0.2235638 0.6165723 0.2905660 0.6467564 0.2853460 0.6351691 0.2183438
2 0.5766497 0.2976813 0.6219208 0.5594573 0.6551589 0.5537091 0.6098878 0.2919332
2 0.3297842 0.4107577 0.3750554 0.6725338 0.4082935 0.6667857 0.3630223 0.4050096
2 0.4523511 0.7321248 0.6181962 0.6561595 0.5971031 0.6101098 0.4312580 0.6860752
2 0.5324107 0.2360315 0.3665656 0.3119968 0.3876586 0.3580464 0.5535037 0.2820811
5 0.3460836 0.3790061 0.3673971 0.3692434 0.3606715 0.3545603 0.3393579 0.3643229
