1 0.4246385 0.5001365 0.4232365 0.5650684 0.4509547 0.5656668 0.4523567 0.5007350
1 0.5535420 0.5074977 0.5521399 0.5724294 0.5798581 0.5730280 0.5812603 0.5080962
1 0.4524926 0.4944447 0.4538946 0.4295129 0.4261764 0.4289144 0.4247743 0.4938462
1 0.5550799 0.4362756 0.5536779 0.5012074 0.5813960 0.5018059 0.5827981 0.4368742
1 0.4540589 0.4219038 0.4554610 0.3569719 0.4277428 0.3563734 0.4263407 0.4213053
1 0.5829624 0.4292650 0.5843645 0.3643332 0.5566463 0.3637347 0.5552441 0.4286664
1 0.4292522 0.2864704 0.4278502 0.3514023 0.4555684 0.3520008 0.4569705 0.2870689
1 0.5844718 0.3593619 0.5858739 0.2944302 0.5581557 0.2938316 0.5567536 0.3587634
4 0.3591056 0.2539712 0.3336817 0.2532403 0.3324932 0.2945781 0.3579172 0.2953091
4 0.3601938 0.2035883 0.3347698 0.2028573 0.3335811 0.2441950 0.3590051 0.2449261
0 0.4717588 0.3021963 0.4662630 0.5567154 0.5466371 0.5584508 0.5521329 0.3039318
5 0.3364466 0.3244836 0.3357866 0.3550527 0.3461749 0.3552770 0.3468350 0.3247079
5 0.3445229 0.4317853 0.3451829 0.4012163 0.3347946 0.4009920 0.3341345 0.4315611
5 0.3429280 0.5056452 0.3435881 0.4750761 0.3331997 0.4748518 0.3325396 0.5054209
5 0.3315574 0.5509099 0.3308973 0.5814790 0.3412856 0.5817032 0.3419457 0.5511342
3 0.6535488 0.5662740 0.6521861 0.6293851 0.6819597 0.6300280 0.6833225 0.5669169
3 0.6854020 0.4706139 0.6867648 0.4075028 0.6569912 0.4068599 0.6556283 0.4699709
3 0.6836932 0.5497494 0.6850560 0.4866382 0.6552823 0.4859954 0.6539196 0.5491065
3 0.6871355 0.3903353 0.6884983 0.3272242 0.6587245 0.3265813 0.6573618 0.3896924
3 0.6888955 0.3088257 0.6902583 0.2457145 0.6604846 0.2450716 0.6591218 0.3081827
2 0.6468918 0.5670056 0.6526052 0.3024098 0.6198001 0.3017015 0.6140867 0.5662972
2 0.3917736 0.5524367 0.3974869 0.2878410 0.3646818 0.2871327 0.3589685 0.5517284
2 0.4262668 0.2574857 0.5897728 0.2668229 0.5928120 0.2136019 0.4293060 0.2042648
5 0.3854380 0.2569897 0.4043805 0.2580714 0.4053608 0.2409047 0.3864183 0.2398230
