1 0.4410425 0.6085794 0.4437666 0.5416153 0.4152134 0.5404537 0.4124893 0.6074178
1 0.5735817 0.6228577 0.5763058 0.5558937 0.5477526 0.5547321 0.5450284 0.6216962
1 0.4440224 0.5353264 0.4467466 0.4683624 0.4181934 0.4672008 0.4154692 0.5341648
1 0.5507326 0.4814792 0.5480084 0.5484432 0.5765617 0.5496048 0.5792859 0.4826407
1 0.4470576 0.4607171 0.4497817 0.3937530 0.4212285 0.3925915 0.4185044 0.4595556
1 0.5537677 0.4068698 0.5510436 0.4738339 0.5795968 0.4749954 0.5823209 0.4080313
1 0.4499823 0.3888208 0.4527064 0.3218567 0.4241532 0.3206952 0.4214291 0.3876593
1 0.5825216 0.4030992 0.5852456 0.3361351 0.5566924 0.3349736 0.5539683 0.4019377
4 0.3267676 0.2816692 0.3242473 0.3244420 0.3505563 0.3259922 0.3530766 0.2832194
4 0.3288757 0.2298496 0.3263554 0.2726225 0.3526644 0.2741727 0.3551847 0.2313998
0 0.5396643 0.6063201 0.5503979 0.3424634 0.4675979 0.3390951 0.4568642 0.6029519
5 0.3372946 0.3870333 0.3385797 0.3554422 0.3278828 0.3550071 0.3265977 0.3865982
5 0.3340935 0.4657232 0.3353786 0.4341322 0.3246816 0.4336970 0.3233965 0.4652880
5 0.3215914 0.5096628 0.3203062 0.5412539 0.3310032 0.5416891 0.3322884 0.5100980
5 0.3278210 0.6199158 0.3291061 0.5883247 0.3184091 0.5878896 0.3171240 0.6194807
3 0.6775394 0.6872614 0.6802040 0.6217608 0.6495402 0.6205134 0.6468756 0.6860140
3 0.6842094 0.5233017 0.6868740 0.4578011 0.6562101 0.4565537 0.6535455 0.5220543
3 0.6808984 0.6046938 0.6835629 0.5391932 0.6528990 0.5379457 0.6502345 0.6034464
3 0.6875682 0.4407341 0.6902328 0.3752335 0.6595690 0.3739861 0.6569044 0.4394867
3 0.6629793 0.2901523 0.6603148 0.3556529 0.6909786 0.3569003 0.6936431 0.2913997
2 0.6199883 0.3462880 0.6088858 0.6192100 0.6426821 0.6205848 0.6537846 0.3476628
2 0.3803682 0.5923259 0.3914706 0.3194038 0.3576743 0.3180290 0.3465719 0.5909511
2 0.5792469 0.6516585 0.4098788 0.6334126 0.4040122 0.6878702 0.5733802 0.7061161
2 0.4201811 0.2904059 0.5895491 0.3086518 0.5954158 0.2541941 0.4260478 0.2359483
5 0.4009622 0.2726126 0.3810076 0.2704629 0.3791314 0.2878783 0.3990860 0.2900280
