1 0.4655509 0.7159196 0.4544143 0.6454211 0.4252534 0.6500277 0.4363900 0.7205262
1 0.5556556 0.5954980 0.5667923 0.6659964 0.5959532 0.6613898 0.5848165 0.5908914
1 0.4138703 0.5779686 0.4250068 0.6484671 0.4541678 0.6438606 0.4430312 0.5733621
1 0.5442724 0.5234389 0.5554091 0.5939373 0.5845700 0.5893308 0.5734333 0.5188323
1 0.4425738 0.5704671 0.4314372 0.4999686 0.4022763 0.5045752 0.4134129 0.5750736
1 0.5729761 0.5159374 0.5618393 0.4454390 0.5326785 0.4500455 0.5438152 0.5205439
1 0.3911040 0.4338507 0.4022406 0.5043491 0.4314015 0.4997426 0.4202649 0.4292442
1 0.5618037 0.4452129 0.5506671 0.3747144 0.5215062 0.3793209 0.5326428 0.4498194
4 0.3232918 0.4896563 0.3159087 0.4429190 0.2892318 0.4471331 0.2966148 0.4938704
4 0.3152393 0.4386812 0.3078562 0.3919439 0.2811792 0.3961581 0.2885623 0.4428953
0 0.5622522 0.6767136 0.5189649 0.4026912 0.4344413 0.4160433 0.4777285 0.6900657
5 0.3058554 0.5215014 0.3110590 0.5544425 0.3220191 0.5527111 0.3168154 0.5197700
5 0.3180834 0.5989089 0.3232871 0.6318499 0.3342471 0.6301186 0.3290434 0.5971776
5 0.3298881 0.6736367 0.3350918 0.7065778 0.3460518 0.7048464 0.3408481 0.6719053
5 0.3582079 0.7817982 0.3530042 0.7488571 0.3420441 0.7505885 0.3472478 0.7835296
3 0.6664574 0.6065176 0.6774639 0.6761925 0.7088366 0.6712366 0.6978300 0.6015615
3 0.6409789 0.4452300 0.6519853 0.5149050 0.6833580 0.5099491 0.6723515 0.4402741
3 0.6536267 0.5252955 0.6646333 0.5949705 0.6960059 0.5900145 0.6849994 0.5203396
3 0.6705273 0.4287270 0.6595208 0.3590520 0.6281482 0.3640079 0.6391547 0.4336829
3 0.6151209 0.2815405 0.6261274 0.3512155 0.6575001 0.3462596 0.6464936 0.2765846
2 0.5846567 0.3575212 0.6277900 0.6305690 0.6622809 0.6251204 0.6191477 0.3520727
2 0.3265722 0.4654433 0.3697055 0.7384911 0.4041964 0.7330425 0.3610631 0.4599947
2 0.4490169 0.8032986 0.6218317 0.7310333 0.6013589 0.6820748 0.4285442 0.7543401
2 0.3872530 0.4123120 0.5600678 0.3400468 0.5395950 0.2910882 0.3667802 0.3633535
5 0.3438475 0.4327415 0.3659571 0.4234961 0.3593765 0.4077591 0.3372668 0.4170046
