1 0.4314449 0.5349253 0.4432722 0.6012896 0.4707087 0.5963999 0.4588813 0.5300357
1 0.5528833 0.4776382 0.5647106 0.5440024 0.5921471 0.5391128 0.5803198 0.4727486
1 0.4587496 0.5292969 0.4469223 0.4629328 0.4194860 0.4678224 0.4313132 0.5341866
1 0.5409243 0.4105354 0.5527517 0.4768994 0.5801882 0.4720097 0.5683607 0.4056456
1 0.4073054 0.3994769 0.4191328 0.4658411 0.4465693 0.4609514 0.4347419 0.3945872
1 0.5287439 0.3421898 0.5405712 0.4085540 0.5680076 0.4036642 0.5561804 0.3373001
1 0.4348317 0.3950912 0.4230044 0.3287271 0.3955680 0.3336167 0.4073952 0.3999809
1 0.5562702 0.3378040 0.5444428 0.2714399 0.5170063 0.2763296 0.5288337 0.3426937
4 0.3329851 0.3892956 0.3251291 0.3452145 0.3000277 0.3496881 0.3078837 0.3937691
4 0.3245253 0.3418265 0.3166692 0.2977456 0.2915678 0.3022192 0.2994238 0.3463001
0 0.4355971 0.3129988 0.4814686 0.5703874 0.5609878 0.5562156 0.5151163 0.2988269
5 0.3328585 0.4484971 0.3273405 0.4175348 0.3170229 0.4193736 0.3225409 0.4503359
5 0.3298695 0.4914570 0.3353876 0.5224194 0.3457052 0.5205806 0.3401871 0.4896183
5 0.3422714 0.5610452 0.3477894 0.5920076 0.3581071 0.5901688 0.3525890 0.5592064
5 0.3708781 0.6618279 0.3653600 0.6308656 0.3550423 0.6327044 0.3605605 0.6636668
3 0.6569074 0.4818384 0.6686141 0.5475255 0.6981404 0.5422634 0.6864338 0.4765763
3 0.6713730 0.3920689 0.6596663 0.3263819 0.6301399 0.3316441 0.6418465 0.3973311
3 0.6434278 0.4062027 0.6551344 0.4718898 0.6846607 0.4666277 0.6729541 0.4009406
3 0.6166603 0.2560083 0.6283670 0.3216954 0.6578933 0.3164333 0.6461866 0.2507462
3 0.6029739 0.1792128 0.6146806 0.2448999 0.6442069 0.2396377 0.6325002 0.1739507
2 0.5757298 0.2520095 0.6211694 0.5069754 0.6536168 0.5011927 0.6081771 0.2462267
2 0.4132728 0.6145723 0.3678331 0.3596063 0.3353858 0.3653890 0.3808255 0.6203550
2 0.4565617 0.6775385 0.6181872 0.6012936 0.5971696 0.5567398 0.4355440 0.6329848
2 0.3916732 0.3134434 0.5532987 0.2371984 0.5322809 0.1926446 0.3706554 0.2688896
5 0.3511791 0.3344187 0.3720613 0.3245678 0.3652995 0.3102340 0.3444173 0.3200849
