1 0.4419471 0.7054247 0.4447394 0.6365557 0.4155856 0.6353737 0.4127933 0.7042427
1 0.5772612 0.7199439 0.5800534 0.6510749 0.5508997 0.6498929 0.5481074 0.7187619
1 0.4449785 0.6306590 0.4477708 0.5617902 0.4186170 0.5606081 0.4158247 0.6294770
1 0.5802925 0.6451783 0.5830848 0.5763093 0.5539309 0.5751273 0.5511387 0.6439962
1 0.4480660 0.5545090 0.4508582 0.4856400 0.4217044 0.4844580 0.4189122 0.5533270
1 0.5570185 0.4989772 0.5542262 0.5678462 0.5833800 0.5690282 0.5861722 0.5001593
1 0.4246797 0.4110770 0.4218873 0.4799460 0.4510411 0.4811280 0.4538334 0.4122590
1 0.5863551 0.4956473 0.5891474 0.4267783 0.5599936 0.4255963 0.5572014 0.4944652
4 0.3516465 0.3650785 0.3534375 0.3209058 0.3267774 0.3198249 0.3249864 0.3639976
0 0.4690176 0.4302880 0.4580858 0.6999116 0.5426211 0.7033391 0.5535529 0.4337154
5 0.3359719 0.4800756 0.3372843 0.4477051 0.3263565 0.4472620 0.3250441 0.4796325
5 0.3327155 0.5603906 0.3340280 0.5280201 0.3231002 0.5275770 0.3217877 0.5599475
5 0.3295719 0.6379251 0.3308844 0.6055547 0.3199566 0.6051116 0.3186441 0.6374820
5 0.3263348 0.7177673 0.3276472 0.6853968 0.3167194 0.6849538 0.3154070 0.7173243
3 0.6547818 0.7179753 0.6520607 0.7850860 0.6833788 0.7863557 0.6860998 0.7192451
3 0.6901637 0.6190101 0.6928847 0.5518996 0.6615667 0.5506297 0.6588457 0.6177403
3 0.6867956 0.7020829 0.6895165 0.6349723 0.6581985 0.6337026 0.6554775 0.7008132
3 0.6935805 0.5347374 0.6963015 0.4676268 0.6649834 0.4663570 0.6622624 0.5334677
3 0.6684527 0.3807920 0.6657317 0.4479027 0.6970497 0.4491725 0.6997707 0.3820618
2 0.6245714 0.4381932 0.6132777 0.7167442 0.6477809 0.7181431 0.6590747 0.4395921
2 0.3799751 0.6894075 0.3912688 0.4108565 0.3567657 0.4094576 0.3454720 0.6880086
2 0.5830086 0.7498809 0.4101072 0.7313285 0.4041428 0.7869140 0.5770443 0.8054664
2 0.4205906 0.3812419 0.5934920 0.3997942 0.5994564 0.3442087 0.4265550 0.3256564
5 0.4009648 0.3632911 0.3805807 0.3611039 0.3786578 0.3790243 0.3990419 0.3812116
