1 0.4293241 0.5266701 0.4324234 0.5927244 0.4603090 0.5914161 0.4572097 0.5253617
1 0.5586230 0.5106173 0.5617222 0.5766718 0.5896079 0.5753634 0.5865086 0.5093089
1 0.4569570 0.5199746 0.4538577 0.4539202 0.4259721 0.4552286 0.4290714 0.5212830
1 0.5552710 0.4391758 0.5583703 0.5052302 0.5862558 0.5039219 0.5831566 0.4378675
1 0.4225581 0.3824642 0.4256573 0.4485187 0.4535429 0.4472103 0.4504437 0.3811559
1 0.5518569 0.3664115 0.5549562 0.4324659 0.5828418 0.4311575 0.5797426 0.3651031
1 0.4192682 0.3123458 0.4223674 0.3784003 0.4502530 0.3770919 0.4471538 0.3110375
1 0.5485671 0.2962931 0.5516663 0.3623475 0.5795519 0.3610392 0.5764527 0.2949847
4 0.3487904 0.3377098 0.3467720 0.2946922 0.3212700 0.2958887 0.3232884 0.3389064
4 0.3464192 0.2871717 0.3444008 0.2441540 0.3188989 0.2453505 0.3209172 0.2883682
0 0.4626268 0.3162703 0.4747522 0.5747003 0.5556057 0.5709066 0.5434803 0.3124767
5 0.3292130 0.3684341 0.3306697 0.3994817 0.3411263 0.3989910 0.3396696 0.3679435
5 0.3447270 0.4757352 0.3432704 0.4446877 0.3328137 0.4451783 0.3342704 0.4762258
5 0.3482032 0.5498226 0.3467465 0.5187750 0.3362899 0.5192657 0.3377466 0.5503132
5 0.3398695 0.5955579 0.3413262 0.6266054 0.3517828 0.6261148 0.3503261 0.5950673
3 0.6625649 0.5509834 0.6655871 0.6153959 0.6955495 0.6139901 0.6925273 0.5495776
3 0.6550623 0.3910783 0.6580845 0.4554906 0.6880468 0.4540848 0.6850246 0.3896725
3 0.6917712 0.5334642 0.6887490 0.4690518 0.6587867 0.4704576 0.6618089 0.5348700
3 0.6512840 0.3105524 0.6543062 0.3749647 0.6842685 0.3735589 0.6812463 0.3091465
3 0.6474479 0.2287916 0.6504701 0.2932041 0.6804324 0.2917983 0.6774102 0.2273858
2 0.6561823 0.5575081 0.6436821 0.2910889 0.6106827 0.2926372 0.6231830 0.5590564
2 0.3547820 0.3244078 0.3672822 0.5908269 0.4002816 0.5892786 0.3877814 0.3228595
2 0.4347522 0.6733253 0.6003647 0.6527641 0.5937862 0.5997763 0.4281736 0.6203375
2 0.4165646 0.2856898 0.5821770 0.2651286 0.5755985 0.2121407 0.4099860 0.2327019
5 0.3917394 0.2732725 0.3720998 0.2757108 0.3742210 0.2927964 0.3938606 0.2903582
