1 0.4345474 0.5946300 0.4431624 0.5275107 0.4151460 0.5239147 0.4065310 0.5910339
1 0.5615397 0.6378032 0.5701547 0.5706840 0.5421383 0.5670879 0.5335234 0.6342072
1 0.4435568 0.5244381 0.4521718 0.4573189 0.4241554 0.4537229 0.4155404 0.5208421
1 0.5705490 0.5676115 0.5791640 0.5004922 0.5511476 0.4968962 0.5425326 0.5640154
1 0.4333315 0.3822314 0.4247166 0.4493506 0.4527330 0.4529466 0.4613479 0.3858274
1 0.5797252 0.4961199 0.5883402 0.4290006 0.5603238 0.4254046 0.5517089 0.4925238
1 0.4615754 0.3840547 0.4701904 0.3169355 0.4421741 0.3133395 0.4335591 0.3804588
1 0.5885677 0.4272280 0.5971826 0.3601087 0.5691663 0.3565128 0.5605514 0.4236320
4 0.3705983 0.3017953 0.3762486 0.2577735 0.3506285 0.2544851 0.3449782 0.2985069
4 0.3769715 0.2521411 0.3826218 0.2081195 0.3570018 0.2048311 0.3513514 0.2488527
0 0.4826539 0.3407540 0.4488732 0.6039393 0.5301101 0.6143664 0.5638908 0.3511810
5 0.3526825 0.3577998 0.3567280 0.3262809 0.3462264 0.3249330 0.3421808 0.3564519
5 0.3430044 0.4332014 0.3470500 0.4016826 0.3365483 0.4003346 0.3325027 0.4318534
5 0.3336614 0.5059928 0.3377069 0.4744739 0.3272052 0.4731259 0.3231597 0.5046449
3 0.6566657 0.7234029 0.6651877 0.6570082 0.6350912 0.6531452 0.6265693 0.7195399
3 0.6768311 0.5662948 0.6853530 0.4999002 0.6552565 0.4960372 0.6467345 0.5624319
3 0.6668206 0.6442856 0.6753426 0.5778909 0.6452461 0.5740280 0.6367242 0.6404226
3 0.6654115 0.4169199 0.6568896 0.4833146 0.6869860 0.4871776 0.6955079 0.4207829
3 0.6757222 0.3365895 0.6672002 0.4029841 0.6972966 0.4068471 0.7058187 0.3404524
2 0.6285687 0.6508434 0.6625671 0.3859609 0.6294103 0.3817052 0.5954118 0.6465876
2 0.3780746 0.2962591 0.3440761 0.5611415 0.3772329 0.5653973 0.4112315 0.3005149
2 0.3864007 0.6617284 0.5534662 0.7185252 0.5701817 0.6693574 0.4031161 0.6125606
2 0.6190656 0.2885025 0.4520002 0.2317057 0.4352847 0.2808736 0.6023502 0.3376704
5 0.3994576 0.2705802 0.4204430 0.2777146 0.4257717 0.2620403 0.4047863 0.2549060
