1 0.4183972 0.6054468 0.4221898 0.5367198 0.3931674 0.5351182 0.3893747 0.6038452
1 0.5658290 0.5986329 0.5696219 0.5299060 0.5405994 0.5283043 0.5368066 0.5970312
1 0.4355195 0.5047145 0.4393122 0.4359875 0.4102897 0.4343858 0.4064970 0.5031128
1 0.5446984 0.4540275 0.5409057 0.5227544 0.5699281 0.5243561 0.5737208 0.4556291
1 0.4396944 0.4290622 0.4434871 0.3603352 0.4144646 0.3587337 0.4106719 0.4274606
1 0.5741029 0.4487038 0.5778957 0.3799769 0.5488732 0.3783752 0.5450805 0.4471022
1 0.4184877 0.2858325 0.4146950 0.3545594 0.4437174 0.3561610 0.4475102 0.2874340
1 0.5528963 0.3054742 0.5491036 0.3742011 0.5781260 0.3758027 0.5819187 0.3070757
4 0.3436624 0.2882996 0.3461080 0.2439844 0.3195696 0.2425199 0.3171240 0.2868351
4 0.3465621 0.2357557 0.3490076 0.1914406 0.3224692 0.1899760 0.3200236 0.2342912
0 0.5316271 0.5804273 0.5465040 0.3108465 0.4623444 0.3062021 0.4474675 0.5757830
5 0.3292986 0.3498006 0.3310832 0.3174627 0.3202092 0.3168626 0.3184246 0.3492005
5 0.3248954 0.4295903 0.3266799 0.3972525 0.3158060 0.3966524 0.3140215 0.4289903
5 0.3206446 0.5066180 0.3224292 0.4742802 0.3115552 0.4736801 0.3097707 0.5060179
5 0.3071779 0.5530003 0.3053933 0.5853382 0.3162673 0.5859383 0.3180518 0.5536004
3 0.6430235 0.5989809 0.6393143 0.6661943 0.6704839 0.6679144 0.6741930 0.6007010
3 0.6796585 0.5016630 0.6833677 0.4344496 0.6521980 0.4327295 0.6484888 0.4999428
3 0.6751041 0.5841926 0.6788132 0.5169792 0.6476437 0.5152591 0.6439345 0.5824726
3 0.6568183 0.3490077 0.6531091 0.4162211 0.6842787 0.4179412 0.6879879 0.3507278
3 0.6889697 0.3329357 0.6926789 0.2657223 0.6615093 0.2640022 0.6578001 0.3312156
2 0.6170158 0.3194867 0.6017110 0.5968221 0.6360620 0.5987178 0.6513668 0.3213824
2 0.3510021 0.2806131 0.3356973 0.5579486 0.3700482 0.5598443 0.3853530 0.2825087
2 0.5722721 0.6280808 0.3995812 0.6028448 0.3915596 0.6577370 0.5642505 0.6829730
2 0.4138003 0.2547174 0.5864910 0.2799532 0.5945127 0.2250609 0.4218219 0.1998250
5 0.3728501 0.2506608 0.3934588 0.2536725 0.3960349 0.2360451 0.3754262 0.2330334
