1 0.4376961 0.6334370 0.4439968 0.5689893 0.4167990 0.5663303 0.4104983 0.6307780
1 0.5623549 0.6657213 0.5686556 0.6012736 0.5414578 0.5986146 0.5351571 0.6630623
1 0.4235357 0.4974233 0.4172350 0.5618710 0.4444328 0.5645300 0.4507335 0.5000823
1 0.5690916 0.5968145 0.5753922 0.5323666 0.5481945 0.5297077 0.5418938 0.5941554
1 0.4512942 0.4943471 0.4575949 0.4298994 0.4303971 0.4272404 0.4240964 0.4916881
1 0.5550560 0.4595248 0.5487552 0.5239725 0.5759530 0.5266315 0.5822538 0.4621838
1 0.4579062 0.4267163 0.4642069 0.3622686 0.4370091 0.3596096 0.4307083 0.4240574
1 0.5825649 0.4590008 0.5888656 0.3945531 0.5616678 0.3918941 0.5553671 0.4563418
4 0.3670954 0.3540705 0.3712245 0.3118362 0.3463567 0.3094050 0.3422276 0.3516393
4 0.3718610 0.3053253 0.3759901 0.2630911 0.3511222 0.2606599 0.3469932 0.3028941
0 0.5311190 0.6455092 0.5560090 0.3909199 0.4771341 0.3832086 0.4522442 0.6377981
5 0.3512932 0.4098002 0.3542635 0.3794187 0.3440792 0.3784230 0.3411089 0.4088045
5 0.3440565 0.4838216 0.3470267 0.4534401 0.3368424 0.4524445 0.3338722 0.4828259
5 0.3298563 0.5239034 0.3268860 0.5542848 0.3370703 0.5552804 0.3400405 0.5248991
5 0.3298762 0.6288661 0.3328464 0.5984848 0.3226622 0.5974891 0.3196919 0.6278704
3 0.6681902 0.7642350 0.6744209 0.7005043 0.6452206 0.6976495 0.6389899 0.7613803
3 0.6723055 0.5877346 0.6785362 0.5240037 0.6493359 0.5211490 0.6431052 0.5848798
3 0.6648204 0.6642977 0.6710510 0.6005669 0.6418507 0.5977122 0.6356200 0.6614429
3 0.6569293 0.4434799 0.6506986 0.5072107 0.6798990 0.5100656 0.6861296 0.4463347
3 0.6646390 0.3646199 0.6584084 0.4283507 0.6876087 0.4312055 0.6938393 0.3674746
2 0.6209393 0.4117546 0.5956280 0.6706538 0.6278234 0.6738014 0.6531346 0.4149022
2 0.3811059 0.6099060 0.4064172 0.3510068 0.3742218 0.3478593 0.3489105 0.6067584
2 0.3945349 0.7030802 0.5570614 0.7451717 0.5699008 0.6955953 0.4073743 0.6535039
2 0.4310876 0.3291969 0.5936141 0.3712884 0.6064535 0.3217120 0.4439270 0.2796205
5 0.4189424 0.3111420 0.3989429 0.3059624 0.3948756 0.3216671 0.4148751 0.3268467
