1 0.4738874 0.6277779 0.4605249 0.5601271 0.4323027 0.5657017 0.4456653 0.6333525
1 0.5559716 0.5010016 0.5693341 0.5686523 0.5975564 0.5630778 0.5841938 0.4954270
1 0.4188010 0.4973472 0.4321637 0.5649978 0.4603859 0.5594232 0.4470233 0.4917726
1 0.5840548 0.4947231 0.5706922 0.4270724 0.5424700 0.4326470 0.5558325 0.5002977
1 0.4050494 0.4277267 0.4184120 0.4953775 0.4466343 0.4898029 0.4332717 0.4221522
1 0.5287184 0.3630267 0.5420809 0.4306774 0.5703032 0.4251028 0.5569406 0.3574522
1 0.3917979 0.3606381 0.4051604 0.4282888 0.4333827 0.4227144 0.4200202 0.3550636
1 0.5570517 0.3580142 0.5436890 0.2903634 0.5154668 0.2959380 0.5288294 0.3635888
4 0.3287421 0.4220636 0.3197921 0.3767527 0.2939814 0.3818509 0.3029313 0.4271618
4 0.3191909 0.3737091 0.3102410 0.3283982 0.2844303 0.3334964 0.2933802 0.3788074
0 0.4322435 0.3360718 0.4843704 0.5999752 0.5661969 0.5838127 0.5140699 0.3199092
5 0.3127959 0.4530024 0.3190455 0.4846418 0.3296310 0.4825509 0.3233815 0.4509115
5 0.3406370 0.5261687 0.3207244 0.5462543 0.3307975 0.5562407 0.3507101 0.5361550
5 0.3581364 0.6268651 0.3518869 0.5952257 0.3413012 0.5973166 0.3475507 0.6289561
5 0.3557196 0.6703124 0.3619691 0.7019519 0.3725547 0.6998610 0.3663052 0.6682216
3 0.6629012 0.5003167 0.6762071 0.5676812 0.7065356 0.5616906 0.6932296 0.4943262
3 0.6326809 0.3473207 0.6459870 0.4146852 0.6763154 0.4086947 0.6630093 0.3413302
3 0.6913171 0.4846441 0.6780111 0.4172797 0.6476827 0.4232702 0.6609887 0.4906347
3 0.6610969 0.3316482 0.6477910 0.2642837 0.6174625 0.2702743 0.6307684 0.3376387
3 0.6020107 0.1920463 0.6153167 0.2594107 0.6456453 0.2534201 0.6323392 0.1860558
2 0.5752963 0.2679819 0.6267295 0.5283733 0.6601253 0.5217769 0.6086920 0.2613855
2 0.4153670 0.6498276 0.3639337 0.3894361 0.3305380 0.3960326 0.3819712 0.6564240
2 0.4609163 0.7115805 0.6261012 0.6251602 0.6029060 0.5808247 0.4377211 0.6672449
2 0.3876577 0.3406940 0.5528427 0.2542738 0.5296475 0.2099382 0.3644626 0.2963584
5 0.3604010 0.3388947 0.3389632 0.3501102 0.3463574 0.3642436 0.3677951 0.3530281
