1 0.4361359 0.5486665 0.4476752 0.6178600 0.4763970 0.6130701 0.4648578 0.5438766
1 0.5640494 0.4921791 0.5755888 0.5613725 0.6043106 0.5565826 0.5927713 0.4873891
1 0.4646075 0.5423760 0.4530682 0.4731826 0.4243462 0.4779725 0.4358856 0.5471659
1 0.5522599 0.4214849 0.5637991 0.4906784 0.5925210 0.4858885 0.5809818 0.4166951
1 0.4525997 0.4703729 0.4410603 0.4011794 0.4123384 0.4059694 0.4238778 0.4751628
1 0.5402520 0.3494819 0.5517914 0.4186753 0.5805132 0.4138854 0.5689739 0.3446920
1 0.4410284 0.4009881 0.4294891 0.3317946 0.4007673 0.3365845 0.4123065 0.4057780
1 0.5689420 0.3445006 0.5574027 0.2753073 0.5286808 0.2800972 0.5402201 0.3492905
4 0.3344088 0.3923604 0.3267290 0.3463097 0.3004572 0.3506910 0.3081370 0.3967417
4 0.3260688 0.3423510 0.3183890 0.2963005 0.2921171 0.3006818 0.2997970 0.3467324
0 0.4430999 0.3170424 0.4880716 0.5867079 0.5713339 0.5728223 0.5263622 0.3031568
5 0.3174591 0.4239539 0.3228569 0.4563211 0.3336417 0.4545225 0.3282439 0.4221553
5 0.3301236 0.4998951 0.3355215 0.5322622 0.3463063 0.5304637 0.3409085 0.4980965
5 0.3585324 0.6037759 0.3531346 0.5714088 0.3423498 0.5732074 0.3477476 0.6055745
5 0.3549399 0.6487015 0.3603377 0.6810687 0.3711225 0.6792701 0.3657247 0.6469029
3 0.6884780 0.4926415 0.6686961 0.5612730 0.6999662 0.5702860 0.7197480 0.5016546
3 0.6466735 0.3415179 0.6581100 0.4100953 0.6889942 0.4049448 0.6775576 0.3363674
3 0.6597729 0.4200669 0.6712095 0.4886442 0.7020936 0.4834937 0.6906570 0.4149164
3 0.6757054 0.3252615 0.6642689 0.2566840 0.6333848 0.2618345 0.6448213 0.3304120
3 0.6622130 0.2443561 0.6507764 0.1757787 0.6198923 0.1809292 0.6313289 0.2495067
2 0.5904992 0.2563549 0.6352265 0.5245545 0.6692052 0.5188879 0.6244780 0.2506883
2 0.4160461 0.6306847 0.3713188 0.3624852 0.3373401 0.3681518 0.3820674 0.6363513
2 0.4607292 0.6984771 0.6305798 0.6234698 0.6095783 0.5759126 0.4397276 0.6509199
2 0.3967602 0.3148969 0.5666108 0.2398896 0.5456092 0.1923324 0.3757585 0.2673397
5 0.3541504 0.3356681 0.3759462 0.3260430 0.3692243 0.3108215 0.3474285 0.3204467
