1 0.4428535 0.5741712 0.4555443 0.6394976 0.4828053 0.6342016 0.4701146 0.5688753
1 0.6024829 0.5726209 0.5897921 0.5072945 0.5625311 0.5125905 0.5752218 0.5779169
1 0.4300029 0.5080217 0.4426937 0.5733480 0.4699548 0.5680522 0.4572640 0.5027257
1 0.5896322 0.5064715 0.5769415 0.4411451 0.5496805 0.4464411 0.5623712 0.5117674
1 0.4169143 0.4406474 0.4296050 0.5059738 0.4568661 0.5006779 0.4441754 0.4353514
1 0.5365919 0.3790667 0.5492826 0.4443931 0.5765436 0.4390972 0.5638530 0.3737708
1 0.4442535 0.4357535 0.4315628 0.3704271 0.4043017 0.3757230 0.4169924 0.4410494
1 0.5639310 0.3741729 0.5512404 0.3088464 0.5239793 0.3141423 0.5366700 0.3794687
4 0.3431612 0.4344016 0.3346607 0.3906447 0.3097291 0.3954881 0.3182295 0.4392450
4 0.3340706 0.3876070 0.3255700 0.3438503 0.3006384 0.3486937 0.3091389 0.3924504
0 0.4434971 0.3525260 0.4930407 0.6075546 0.5720807 0.5921997 0.5225372 0.3371711
5 0.3438544 0.4928883 0.3379164 0.4623225 0.3276915 0.4643089 0.3336295 0.4948747
5 0.3414960 0.5353681 0.3474339 0.5659338 0.3576588 0.5639474 0.3517209 0.5333817
5 0.3548225 0.6039674 0.3607605 0.6345332 0.3709854 0.6325468 0.3650475 0.6019810
5 0.3685457 0.6746083 0.3744837 0.7051741 0.3847086 0.7031877 0.3787707 0.6726220
3 0.6658564 0.5127591 0.6784937 0.5778105 0.7077889 0.5721195 0.6951516 0.5070680
3 0.6790257 0.4240593 0.6663883 0.3590079 0.6370932 0.3646990 0.6497305 0.4297504
3 0.6513716 0.4381983 0.6640089 0.5032496 0.6933041 0.4975585 0.6806668 0.4325072
3 0.6226085 0.2901380 0.6352458 0.3551894 0.6645409 0.3494984 0.6519036 0.2844470
3 0.6079016 0.2144338 0.6205389 0.2794853 0.6498342 0.2737942 0.6371968 0.2087427
2 0.5818704 0.2875938 0.6308030 0.5394773 0.6630616 0.5332106 0.6141289 0.2813271
2 0.3450114 0.4094708 0.3939441 0.6613543 0.4262027 0.6550875 0.3772700 0.4032040
2 0.4700465 0.7152350 0.6298115 0.6330271 0.6076464 0.5899507 0.4478814 0.6721587
2 0.4003200 0.3563137 0.5600850 0.2741057 0.5379198 0.2310293 0.3781548 0.3132373
5 0.3740076 0.3543718 0.3533008 0.3650265 0.3603615 0.3787486 0.3810683 0.3680939
