1 0.4303363 0.6723599 0.4445152 0.6059566 0.4170192 0.6000854 0.4028403 0.6664888
1 0.5363079 0.6675013 0.5221289 0.7339047 0.5496250 0.7397758 0.5638039 0.6733724
1 0.4156433 0.5524354 0.4014644 0.6188389 0.4289605 0.6247100 0.4431395 0.5583066
1 0.5503809 0.6015935 0.5362020 0.6679969 0.5636981 0.6738680 0.5778770 0.6074647
1 0.4587431 0.5393239 0.4729220 0.4729205 0.4454260 0.4670494 0.4312471 0.5334527
1 0.5780317 0.6067398 0.5922107 0.5403364 0.5647146 0.5344653 0.5505356 0.6008686
1 0.4725555 0.4746367 0.4867344 0.4082333 0.4592384 0.4023622 0.4450595 0.4687656
1 0.5918441 0.5420526 0.6060231 0.4756493 0.5785270 0.4697781 0.5643480 0.5361814
4 0.3908692 0.3777837 0.4002138 0.3340203 0.3750556 0.3286483 0.3657109 0.3724117
4 0.4008246 0.3311600 0.4101692 0.2873966 0.3850110 0.2820246 0.3756663 0.3257880
0 0.5210417 0.7109599 0.5758123 0.4544554 0.4961276 0.4374405 0.4413570 0.6939451
5 0.3693082 0.4279719 0.3759025 0.3970891 0.3655559 0.3948798 0.3589615 0.4257627
5 0.3541906 0.4987715 0.3607849 0.4678886 0.3504382 0.4656793 0.3438439 0.4965622
5 0.3358439 0.5340281 0.3292496 0.5649110 0.3395963 0.5671203 0.3461906 0.5362374
5 0.3245676 0.6375031 0.3311620 0.6066202 0.3208153 0.6044109 0.3142210 0.6352939
3 0.6192572 0.7701464 0.6051919 0.8360172 0.6347930 0.8423378 0.6488582 0.7764670
3 0.6662923 0.6948185 0.6803575 0.6289477 0.6507564 0.6226270 0.6366912 0.6884979
3 0.6351197 0.6958579 0.6210545 0.7617286 0.6506556 0.7680493 0.6647208 0.7021785
3 0.6821548 0.6205299 0.6962200 0.5546591 0.6666191 0.5483385 0.6525539 0.6142093
3 0.6982607 0.5451023 0.7123259 0.4792315 0.6827249 0.4729108 0.6686597 0.5387816
2 0.6132908 0.7660676 0.6670110 0.5144825 0.6344979 0.5075401 0.5807778 0.7591252
2 0.3772018 0.6326419 0.4309219 0.3810568 0.3984088 0.3741144 0.3446887 0.6256995
2 0.5586925 0.7744611 0.3989674 0.6841924 0.3752782 0.7261092 0.5350032 0.8163779
2 0.4516376 0.3684990 0.6113626 0.4587676 0.6350518 0.4168508 0.4753268 0.3265822
5 0.4198672 0.3527887 0.4407898 0.3646131 0.4484272 0.3510993 0.4275046 0.3392748
