1 0.4143280 0.6389695 0.4171835 0.7056638 0.4455495 0.7044493 0.4426940 0.6377551
1 0.5459494 0.6240495 0.5488049 0.6907437 0.5771710 0.6895292 0.5743155 0.6228350
1 0.4112136 0.5662276 0.4140691 0.6329218 0.4424351 0.6317073 0.4395796 0.5650131
1 0.5428350 0.5513074 0.5456905 0.6180016 0.5740566 0.6167872 0.5712011 0.5500929
1 0.4080415 0.4921384 0.4108970 0.5588327 0.4392631 0.5576183 0.4364076 0.4909240
1 0.5708845 0.5426982 0.5680290 0.4760040 0.5396629 0.4772185 0.5425184 0.5439127
1 0.4362063 0.4862234 0.4333508 0.4195291 0.4049848 0.4207436 0.4078403 0.4874379
1 0.5678278 0.4713033 0.5649723 0.4046091 0.5366063 0.4058235 0.5394617 0.4725178
4 0.3331771 0.4464198 0.3313108 0.4028297 0.3053716 0.4039403 0.3072378 0.4475304
4 0.3309740 0.3949617 0.3291076 0.3513715 0.3031684 0.3524821 0.3050347 0.3960723
0 0.5425977 0.6847038 0.5313649 0.4223448 0.4491119 0.4258664 0.4603446 0.6882255
5 0.3131533 0.4775559 0.3144992 0.5089921 0.3251301 0.5085369 0.3237842 0.4771007
5 0.3164989 0.5556970 0.3178448 0.5871333 0.3284757 0.5866781 0.3271298 0.5552418
5 0.3197286 0.6311331 0.3210745 0.6625693 0.3317054 0.6621141 0.3303595 0.6306779
5 0.3230545 0.7088143 0.3244004 0.7402505 0.3350313 0.7397953 0.3336854 0.7083591
3 0.6515772 0.6670736 0.6543685 0.7322713 0.6848377 0.7309668 0.6820463 0.6657691
3 0.6446062 0.5042575 0.6473976 0.5694550 0.6778668 0.5681505 0.6750754 0.5029529
3 0.6480667 0.5850818 0.6508581 0.6502794 0.6813272 0.6489749 0.6785359 0.5837773
3 0.6410958 0.4222657 0.6438872 0.4874632 0.6743564 0.4861587 0.6715650 0.4209611
3 0.6375316 0.3390165 0.6403229 0.4042141 0.6707922 0.4029097 0.6680008 0.3377120
2 0.6450294 0.6731113 0.6334223 0.4020068 0.5998502 0.4034442 0.6114574 0.6745486
2 0.3845319 0.7026402 0.3729247 0.4315358 0.3393527 0.4329732 0.3509599 0.7040776
2 0.4192185 0.7887504 0.5875490 0.7696691 0.5814235 0.7156323 0.4130931 0.7347137
2 0.4023201 0.3940580 0.5706505 0.3749768 0.5645251 0.3209400 0.3961947 0.3400213
5 0.3592546 0.4010504 0.3791202 0.3987986 0.3771578 0.3814861 0.3572922 0.3837378
