1 0.4079244 0.6100930 0.4005108 0.6804140 0.4297085 0.6834921 0.4371221 0.6131712
1 0.5413540 0.6473287 0.5339404 0.7176496 0.5631381 0.7207277 0.5705516 0.6504069
1 0.4156971 0.5363665 0.4082835 0.6066873 0.4374812 0.6097655 0.4448948 0.5394446
1 0.5491267 0.5736021 0.5417131 0.6439229 0.5709108 0.6470011 0.5783244 0.5766803
1 0.4453977 0.5346737 0.4528113 0.4643529 0.4236136 0.4612747 0.4162000 0.5315955
1 0.5788273 0.5719094 0.5862409 0.5015885 0.5570432 0.4985104 0.5496296 0.5688312
1 0.4530264 0.4623126 0.4604400 0.3919917 0.4312423 0.3889135 0.4238287 0.4592344
1 0.5646719 0.4261492 0.5572583 0.4964700 0.5864560 0.4995482 0.5938696 0.4292274
4 0.3562133 0.3827482 0.3610257 0.3371012 0.3343204 0.3342858 0.3295081 0.3799328
4 0.3617117 0.3305936 0.3665241 0.2849466 0.3398189 0.2821311 0.3350066 0.3277782
0 0.5298010 0.6984043 0.5586913 0.4243688 0.4740440 0.4154449 0.4451537 0.6894803
5 0.3388241 0.4420818 0.3422951 0.4091581 0.3313367 0.4080027 0.3278658 0.4409265
5 0.3229872 0.4872015 0.3195162 0.5201252 0.3304745 0.5212805 0.3339455 0.4883568
5 0.3224140 0.5977376 0.3258850 0.5648139 0.3149267 0.5636586 0.3114558 0.5965823
5 0.3066263 0.6423912 0.3031553 0.6753149 0.3141136 0.6764702 0.3175846 0.6435465
3 0.6401662 0.7323011 0.6328849 0.8013680 0.6642724 0.8046770 0.6715538 0.7356101
3 0.6816697 0.6396571 0.6889510 0.5705903 0.6575635 0.5672812 0.6502822 0.6363481
3 0.6730334 0.7215754 0.6803148 0.6525086 0.6489273 0.6491996 0.6416459 0.7182664
3 0.6663245 0.4841797 0.6590431 0.5532465 0.6904306 0.5565555 0.6977121 0.4874887
3 0.6993260 0.4721797 0.7066075 0.4031129 0.6752199 0.3998038 0.6679385 0.4688706
2 0.6332859 0.7306509 0.6625214 0.4533402 0.6279762 0.4496983 0.5987407 0.7270090
2 0.3639001 0.3760035 0.3346646 0.6533142 0.3692098 0.6569562 0.3984453 0.3796455
2 0.3823874 0.7570428 0.5567545 0.8057027 0.5714674 0.7529806 0.3971004 0.7043207
2 0.4245612 0.3570085 0.5989282 0.4056684 0.6136412 0.3529462 0.4392742 0.3042862
5 0.3860200 0.3485425 0.4076610 0.3545818 0.4124001 0.3375999 0.3907591 0.3315606
