1 0.4275449 0.5892097 0.4276817 0.6503892 0.4543995 0.6503294 0.4542626 0.5891500
1 0.5519171 0.5884724 0.5520540 0.6496519 0.5787717 0.6495920 0.5786348 0.5884125
1 0.4273911 0.5204641 0.4275280 0.5816436 0.4542457 0.5815838 0.4541088 0.5204043
1 0.5786179 0.5808463 0.5784810 0.5196669 0.5517632 0.5197266 0.5519001 0.5809062
1 0.4272344 0.4504455 0.4273713 0.5116249 0.4540890 0.5115651 0.4539522 0.4503857
1 0.5516067 0.4497081 0.5517435 0.5108875 0.5784612 0.5108278 0.5783243 0.4496483
1 0.4539381 0.4440926 0.4538012 0.3829132 0.4270834 0.3829730 0.4272204 0.4441524
1 0.5514557 0.3822355 0.5515925 0.4434150 0.5783103 0.4433553 0.5781734 0.3821757
4 0.3585542 0.3965684 0.3584649 0.3566698 0.3340364 0.3567244 0.3341256 0.3966231
4 0.3584454 0.3479373 0.3583561 0.3080387 0.3339276 0.3080933 0.3340169 0.3479919
0 0.4684012 0.3954983 0.4689445 0.6383412 0.5464284 0.6381679 0.5458851 0.3953249
5 0.3385414 0.4258234 0.3386062 0.4548215 0.3486097 0.4547991 0.3485448 0.4258010
5 0.3487749 0.5286472 0.3487100 0.4996491 0.3387066 0.4996715 0.3387715 0.5286697
5 0.3489344 0.5999390 0.3488695 0.5709407 0.3388661 0.5709631 0.3389310 0.5999613
5 0.3390303 0.6443766 0.3390952 0.6733748 0.3490987 0.6733524 0.3490338 0.6443542
3 0.6784531 0.6991766 0.6783195 0.6394839 0.6496363 0.6395482 0.6497698 0.6992408
3 0.6492921 0.4856769 0.6494257 0.5453696 0.6781089 0.5453054 0.6779754 0.4856128
3 0.6562463 0.5544834 0.6563799 0.6141761 0.6850631 0.6141119 0.6849296 0.5544193
3 0.6491187 0.4081896 0.6492522 0.4678823 0.6779355 0.4678181 0.6778019 0.4081255
3 0.6489426 0.3295142 0.6490762 0.3892069 0.6777595 0.3891427 0.6776259 0.3294500
2 0.6432270 0.6408232 0.6426573 0.3861701 0.6110294 0.3862409 0.6115991 0.6408939
2 0.3648791 0.3877004 0.3654489 0.6423534 0.3970768 0.6422826 0.3965071 0.3876297
2 0.4259787 0.7286291 0.5825335 0.7277008 0.5822283 0.6762276 0.4256735 0.6771557
2 0.4251442 0.3556208 0.5816990 0.3546926 0.5813938 0.3032193 0.4248390 0.3041475
5 0.4024533 0.3412482 0.3846653 0.3413534 0.3847621 0.3577353 0.4025503 0.3576301
