1 0.4171841 0.5115218 0.4104729 0.5780044 0.4381783 0.5808011 0.4448895 0.5143186
1 0.5721851 0.5947803 0.5788962 0.5282977 0.5511909 0.5255009 0.5444797 0.5919836
1 0.4242576 0.4414494 0.4175464 0.5079319 0.4452519 0.5107287 0.4519630 0.4442462
1 0.5720524 0.5446161 0.5787636 0.4781336 0.5510582 0.4753368 0.5443470 0.5418193
1 0.4314621 0.3700793 0.4247510 0.4365619 0.4524564 0.4393587 0.4591676 0.3728761
1 0.5582627 0.4039668 0.5515515 0.4704494 0.5792570 0.4732462 0.5859681 0.4067636
1 0.4593990 0.3705841 0.4661101 0.3041015 0.4384046 0.3013048 0.4316935 0.3677874
1 0.5652053 0.3351922 0.5584940 0.4016748 0.5861994 0.4044716 0.5929106 0.3379890
4 0.3672614 0.2949793 0.3716234 0.2517689 0.3462837 0.2492110 0.3419218 0.2924213
4 0.3722654 0.2454096 0.3766272 0.2021993 0.3512875 0.1996413 0.3469257 0.2428517
0 0.5332786 0.5935246 0.5595044 0.3337241 0.4791813 0.3256159 0.4529555 0.5854163
5 0.3510005 0.3517195 0.3541488 0.3205315 0.3437525 0.3194821 0.3406042 0.3506700
5 0.3434020 0.4269928 0.3465503 0.3958049 0.3361539 0.3947554 0.3330056 0.4259434
5 0.3360665 0.4996604 0.3392148 0.4684725 0.3288184 0.4674230 0.3256702 0.4986109
5 0.3285127 0.5744908 0.3316610 0.5433028 0.3212646 0.5422534 0.3181163 0.5734413
3 0.6382206 0.6240554 0.6316229 0.6894137 0.6614032 0.6924199 0.6680009 0.6270616
3 0.6772357 0.5355790 0.6838334 0.4702207 0.6540530 0.4672145 0.6474554 0.5325728
3 0.6693763 0.6134372 0.6759739 0.5480788 0.6461936 0.5450727 0.6395959 0.6104310
3 0.6852086 0.4565963 0.6918063 0.3912380 0.6620260 0.3882318 0.6554283 0.4535901
3 0.6701213 0.3080379 0.6635237 0.3733962 0.6933039 0.3764024 0.6999016 0.3110440
2 0.6316822 0.6226004 0.6582710 0.3592038 0.6254899 0.3558947 0.5989011 0.6192913
2 0.3807258 0.5555322 0.4073145 0.2921355 0.3745335 0.2888264 0.3479447 0.5522231
2 0.3939161 0.6504399 0.5593936 0.6946638 0.5728339 0.6443723 0.4073564 0.6001486
2 0.6112143 0.2641652 0.4457369 0.2199414 0.4322965 0.2702327 0.5977739 0.3144566
5 0.4202989 0.2515781 0.3998330 0.2461085 0.3955174 0.2622563 0.4159833 0.2677259
