1 0.4161450 0.5156015 0.4117358 0.5809178 0.4392720 0.5827765 0.4436811 0.5174602
1 0.5664755 0.6055157 0.5708847 0.5401994 0.5433486 0.5383406 0.5389395 0.6036569
1 0.4440176 0.5124749 0.4484268 0.4471586 0.4208906 0.4452998 0.4164816 0.5106161
1 0.5712212 0.5352140 0.5756304 0.4698977 0.5480943 0.4680389 0.5436850 0.5333551
1 0.4488512 0.4408714 0.4532603 0.3755551 0.4257242 0.3736963 0.4213151 0.4390126
1 0.5760548 0.4636105 0.5804639 0.3982942 0.5529279 0.3964354 0.5485187 0.4617517
1 0.4535090 0.3718718 0.4579181 0.3065555 0.4303820 0.3046967 0.4259728 0.3700129
1 0.5807126 0.3946108 0.5851218 0.3292945 0.5575857 0.3274357 0.5531765 0.3927521
4 0.3627739 0.2549577 0.3656287 0.2126683 0.3404483 0.2109685 0.3375935 0.2532579
0 0.5342555 0.5872716 0.5515723 0.3307425 0.4717264 0.3253525 0.4544095 0.5818816
5 0.3450913 0.3625279 0.3471666 0.3317853 0.3368464 0.3310886 0.3347712 0.3618312
5 0.3399934 0.4380476 0.3420687 0.4073049 0.3317485 0.4066083 0.3296733 0.4373509
5 0.3350720 0.5109529 0.3371472 0.4802103 0.3268270 0.4795136 0.3247518 0.5102563
5 0.3300041 0.5860280 0.3320794 0.5552854 0.3217592 0.5545888 0.3196839 0.5853313
3 0.6648884 0.6745546 0.6692125 0.6104981 0.6396343 0.6085014 0.6353101 0.6725578
3 0.6755106 0.5172005 0.6798346 0.4531440 0.6502564 0.4511474 0.6459324 0.5152038
3 0.6702376 0.5953133 0.6745617 0.5312569 0.6449835 0.5292602 0.6406594 0.5933167
3 0.6556054 0.3719063 0.6512814 0.4359627 0.6808596 0.4379594 0.6851837 0.3739030
3 0.6862909 0.3575031 0.6906150 0.2934467 0.6610367 0.2914500 0.6567126 0.3555065
2 0.6182143 0.3427041 0.6004625 0.6056762 0.6330519 0.6078761 0.6508037 0.3449040
2 0.3664603 0.2977000 0.3487086 0.5606722 0.3812981 0.5628722 0.3990498 0.2999000
2 0.3996962 0.6562814 0.5638589 0.6856273 0.5730875 0.6340023 0.4089248 0.6046564
2 0.4254458 0.2748303 0.5896086 0.3041763 0.5988371 0.2525513 0.4346744 0.2232053
5 0.4099696 0.2568386 0.3901812 0.2533011 0.3872264 0.2698302 0.4070148 0.2733676
