1 0.4434437 0.6485445 0.4426761 0.5839620 0.4144578 0.5842974 0.4152254 0.6488799
1 0.5457881 0.5801622 0.5465557 0.6447448 0.5747740 0.6444093 0.5740063 0.5798268
1 0.4135949 0.5117025 0.4143625 0.5762850 0.4425808 0.5759495 0.4418132 0.5113671
1 0.5449252 0.5075673 0.5456929 0.5721498 0.5739111 0.5718144 0.5731434 0.5072318
1 0.4127161 0.4377633 0.4134837 0.5023459 0.4417020 0.5020105 0.4409344 0.4374279
1 0.5440463 0.4336281 0.5448139 0.4982107 0.5730322 0.4978753 0.5722646 0.4332927
1 0.4408551 0.4307600 0.4400874 0.3661774 0.4118692 0.3665128 0.4126368 0.4310954
1 0.5666344 0.4305893 0.5771689 0.3628316 0.5487493 0.3584130 0.5382147 0.4261708
4 0.3396421 0.3829683 0.3391386 0.3406072 0.3133384 0.3409139 0.3138419 0.3832750
4 0.3390317 0.3316141 0.3385282 0.2892531 0.3127280 0.2895598 0.3132315 0.3319208
0 0.5405130 0.6340680 0.5374534 0.3766573 0.4556168 0.3776301 0.4586764 0.6350408
5 0.3188039 0.4140709 0.3191684 0.4447370 0.3297328 0.4446114 0.3293683 0.4139454
5 0.3197308 0.4920540 0.3200953 0.5227200 0.3306597 0.5225945 0.3302952 0.4919285
5 0.3206256 0.5673375 0.3209901 0.5980035 0.3315546 0.5978780 0.3311901 0.5672119
5 0.3324760 0.6754020 0.3321115 0.6447360 0.3215471 0.6448616 0.3219116 0.6755276
3 0.6494974 0.6311423 0.6502494 0.6944163 0.6805423 0.6940563 0.6797903 0.6307822
3 0.6475661 0.4686554 0.6483182 0.5319295 0.6786111 0.5315694 0.6778590 0.4682953
3 0.6485248 0.5493163 0.6492769 0.6125903 0.6795697 0.6122303 0.6788176 0.5489562
3 0.6465935 0.3868294 0.6473455 0.4501035 0.6776385 0.4497434 0.6768864 0.3864694
3 0.6456060 0.3037487 0.6463580 0.3670228 0.6766509 0.3666627 0.6758989 0.3033886
2 0.6427512 0.6334920 0.6395501 0.3641884 0.6061453 0.3645855 0.6093463 0.6338891
2 0.3462241 0.3727695 0.3494251 0.6420732 0.3828299 0.6416762 0.3796289 0.3723724
2 0.5785778 0.6720695 0.4126270 0.6772947 0.4143375 0.7316178 0.5802882 0.7263926
2 0.4096556 0.3377239 0.5756062 0.3324986 0.5738958 0.2781755 0.4079451 0.2834008
5 0.3854205 0.3231592 0.3663919 0.3237582 0.3669328 0.3409402 0.3859614 0.3403412
