1 0.4372386 0.6001233 0.4403101 0.5353172 0.4127981 0.5340132 0.4097266 0.5988193
1 0.5648180 0.6161357 0.5678896 0.5513296 0.5403777 0.5500256 0.5373061 0.6148317
1 0.4405804 0.5296149 0.4436520 0.4648087 0.4161400 0.4635047 0.4130684 0.5283109
1 0.5681598 0.5456273 0.5712315 0.4808212 0.5437195 0.4795172 0.5406479 0.5443233
1 0.4439841 0.4578008 0.4470557 0.3929947 0.4195437 0.3916907 0.4164721 0.4564968
1 0.5715635 0.4738132 0.5746352 0.4090071 0.5471233 0.4077032 0.5440516 0.4725092
1 0.4472640 0.3885982 0.4503356 0.3237922 0.4228237 0.3224881 0.4197521 0.3872942
1 0.5748435 0.4046106 0.5779151 0.3398045 0.5504032 0.3385005 0.5473316 0.4033067
4 0.3518970 0.3263103 0.3538778 0.2845166 0.3287206 0.2833242 0.3267398 0.3251180
4 0.3542610 0.2764323 0.3562419 0.2346385 0.3310847 0.2334462 0.3291038 0.2752399
0 0.4645544 0.3409512 0.4524751 0.5958097 0.5322545 0.5995910 0.5443338 0.3447325
5 0.3387299 0.3848899 0.3401773 0.3543516 0.3298693 0.3538631 0.3284219 0.3844014
5 0.3351401 0.4606316 0.3365874 0.4300934 0.3262794 0.4296048 0.3248321 0.4601430
5 0.3228138 0.5027246 0.3213664 0.5332628 0.3316744 0.5337514 0.3331218 0.5032132
5 0.3281057 0.6090473 0.3295531 0.5785091 0.3192451 0.5780205 0.3177977 0.6085588
3 0.6645470 0.6798830 0.6675515 0.6164922 0.6380041 0.6150917 0.6349996 0.6784825
3 0.6454841 0.4572749 0.6424795 0.5206658 0.6720269 0.5220662 0.6750314 0.4586754
3 0.6683138 0.6004088 0.6713183 0.5370180 0.6417709 0.5356175 0.6387663 0.5990083
3 0.6492509 0.3778007 0.6462463 0.4411916 0.6757937 0.4425920 0.6787982 0.3792012
3 0.6796182 0.3618991 0.6826227 0.2985083 0.6530753 0.2971079 0.6500708 0.3604987
2 0.6314004 0.6150095 0.6438636 0.3520495 0.6113005 0.3505061 0.5988373 0.6134662
2 0.3789025 0.5833187 0.3913658 0.3203585 0.3588026 0.3188152 0.3463394 0.5817753
2 0.4005744 0.6757380 0.5640182 0.6962517 0.5705804 0.6439670 0.4071366 0.6234533
2 0.4187069 0.2931652 0.5821506 0.3136789 0.5887128 0.2613940 0.4252691 0.2408803
5 0.3794939 0.2900699 0.3988667 0.2925014 0.4009689 0.2757521 0.3815961 0.2733207
