1 0.4340846 0.6245397 0.4434364 0.5593890 0.4161293 0.5554694 0.4067775 0.6206201
1 0.5571008 0.6713154 0.5664526 0.6061648 0.5391456 0.6022451 0.5297939 0.6673958
1 0.4438452 0.5565407 0.4531969 0.4913900 0.4258899 0.4874703 0.4165381 0.5526210
1 0.5668615 0.6033164 0.5762132 0.5381657 0.5489061 0.5342461 0.5395544 0.5993968
1 0.4537864 0.4872826 0.4631382 0.4221319 0.4358312 0.4182122 0.4264794 0.4833630
1 0.5588474 0.4649880 0.5494956 0.5301386 0.5768027 0.5340583 0.5861545 0.4689077
1 0.4633662 0.4205431 0.4727179 0.3553923 0.4454109 0.3514726 0.4360592 0.4166234
1 0.5684272 0.3982483 0.5590755 0.4633991 0.5863825 0.4673187 0.5957342 0.4021680
4 0.3758917 0.3376047 0.3820647 0.2945983 0.3570968 0.2910145 0.3509237 0.3340209
4 0.3827963 0.2895017 0.3889695 0.2464955 0.3640015 0.2429116 0.3578283 0.2859178
0 0.5268101 0.6474974 0.5636169 0.3910757 0.4844260 0.3797086 0.4476192 0.6361303
5 0.3576670 0.3913561 0.3620628 0.3607321 0.3518367 0.3592643 0.3474410 0.3898882
5 0.3471819 0.4644021 0.3515777 0.4337782 0.3413517 0.4323103 0.3369560 0.4629343
5 0.3370599 0.5349194 0.3414556 0.5042956 0.3312297 0.5028278 0.3268339 0.5334516
5 0.3208064 0.5754439 0.3164106 0.6060677 0.3266366 0.6075356 0.3310323 0.5769117
3 0.6484363 0.7585732 0.6577283 0.6938387 0.6284094 0.6896303 0.6191174 0.7543648
3 0.6502562 0.5374302 0.6409642 0.6021648 0.6702831 0.6063733 0.6795751 0.5416387
3 0.6594381 0.6819276 0.6687300 0.6171930 0.6394110 0.6129846 0.6301191 0.6777192
3 0.6812847 0.5297276 0.6905767 0.4649931 0.6612579 0.4607846 0.6519659 0.5255193
3 0.6724284 0.3829637 0.6631363 0.4476982 0.6924552 0.4519066 0.7017473 0.3871721
2 0.6267021 0.4251100 0.5897901 0.6822650 0.6221142 0.6869048 0.6590262 0.4297498
2 0.3832353 0.3325340 0.3463233 0.5896891 0.3786476 0.5943290 0.4155596 0.3371738
2 0.3854425 0.6882640 0.5479207 0.7500448 0.5657584 0.7031331 0.4032802 0.6413524
2 0.4384025 0.3193071 0.6008807 0.3810878 0.6187184 0.3341762 0.4562402 0.2723954
5 0.4303918 0.3011280 0.4098461 0.2933156 0.4041958 0.3081757 0.4247415 0.3159880
