1 0.4107853 0.5195141 0.4111730 0.5861932 0.4399917 0.5860256 0.4396039 0.5193465
1 0.5741311 0.5839622 0.5737434 0.5172831 0.5449249 0.5174507 0.5453125 0.5841297
1 0.4103543 0.4453856 0.4107420 0.5120647 0.4395606 0.5118971 0.4391729 0.4452180
1 0.5444939 0.4433222 0.5448816 0.5100013 0.5737001 0.5098337 0.5733125 0.4431546
1 0.4391216 0.4363959 0.4387339 0.3697169 0.4099153 0.3698846 0.4103030 0.4365636
1 0.5440549 0.3678210 0.5444425 0.4345001 0.5732611 0.4343325 0.5728734 0.3676535
1 0.4094924 0.2971288 0.4098800 0.3638079 0.4386986 0.3636403 0.4383110 0.2969612
1 0.5436318 0.2950654 0.5440195 0.3617445 0.5728381 0.3615769 0.5724504 0.2948979
4 0.3356340 0.3123055 0.3353826 0.2690527 0.3090324 0.2692059 0.3092838 0.3124586
4 0.3353291 0.2598665 0.3350777 0.2166136 0.3087275 0.2167668 0.3089789 0.2600197
0 0.4541014 0.3097457 0.4556287 0.5724310 0.5392029 0.5719451 0.5376756 0.3092598
5 0.3141575 0.3438852 0.3143406 0.3753687 0.3251329 0.3753060 0.3249498 0.3438225
5 0.3146205 0.4235157 0.3148035 0.4549992 0.3255958 0.4549365 0.3254128 0.4234530
5 0.3150675 0.5003896 0.3152505 0.5318731 0.3260428 0.5318103 0.3258598 0.5003269
5 0.3155277 0.5795513 0.3157108 0.6110349 0.3265031 0.6109721 0.3263200 0.5794886
3 0.6505129 0.5710570 0.6508898 0.6358739 0.6818320 0.6356940 0.6814551 0.5708771
3 0.6495481 0.4051375 0.6499250 0.4699544 0.6808673 0.4697745 0.6804905 0.4049577
3 0.6813462 0.5521394 0.6809694 0.4873224 0.6500271 0.4875024 0.6504039 0.5523193
3 0.6490624 0.3215830 0.6494393 0.3863997 0.6803815 0.3862199 0.6800047 0.3214030
3 0.6485691 0.2367471 0.6489459 0.3015640 0.6798882 0.3013842 0.6795114 0.2365672
2 0.6436104 0.5730169 0.6420129 0.2982764 0.6078994 0.2984748 0.6094970 0.5732152
2 0.3424184 0.3025586 0.3440158 0.5772990 0.3781291 0.5771007 0.3765317 0.3023602
2 0.5779124 0.6116428 0.4088223 0.6142440 0.4096760 0.6697407 0.5787662 0.6671395
2 0.4073374 0.2675256 0.5764275 0.2649245 0.5755738 0.2094278 0.4064837 0.2120289
5 0.3637529 0.2701047 0.3830367 0.2698081 0.3827626 0.2519881 0.3634788 0.2522847
