1 0.4248845 0.6301455 0.4320959 0.6983457 0.4606835 0.6953228 0.4534720 0.6271228
1 0.5555530 0.5935486 0.5627644 0.6617487 0.5913519 0.6587259 0.5841405 0.5905257
1 0.4172475 0.5579209 0.4244590 0.6261209 0.4530465 0.6230981 0.4458351 0.5548980
1 0.4452681 0.5495361 0.4380566 0.4813361 0.4094691 0.4843589 0.4166805 0.5525589
1 0.5401375 0.4477620 0.5473490 0.5159620 0.5759365 0.5129392 0.5687250 0.4447391
1 0.4377725 0.4786491 0.4305611 0.4104490 0.4019735 0.4134719 0.4091850 0.4816720
1 0.5326420 0.3768750 0.5398534 0.4450750 0.5684410 0.4420522 0.5612295 0.3738523
4 0.3322137 0.4551114 0.3274381 0.4099481 0.3012965 0.4127123 0.3060721 0.4578755
4 0.3268113 0.4040192 0.3220358 0.3588558 0.2958942 0.3616199 0.3006697 0.4067833
0 0.4458217 0.4057563 0.4741650 0.6738049 0.5570609 0.6650395 0.5287176 0.3969910
5 0.3138286 0.4866903 0.3172208 0.5187710 0.3279341 0.5176382 0.3245419 0.4855574
5 0.3220324 0.5642756 0.3254246 0.5963563 0.3361379 0.5952234 0.3327457 0.5631428
5 0.3299523 0.6391751 0.3333445 0.6712558 0.3440577 0.6701230 0.3406655 0.6380423
5 0.3381078 0.7163037 0.3415000 0.7483844 0.3522133 0.7472516 0.3488211 0.7151709
3 0.6637766 0.6186109 0.6708955 0.6859351 0.7016017 0.6826882 0.6944829 0.6153640
3 0.6845080 0.5210302 0.6773891 0.4537059 0.6466830 0.4569528 0.6538019 0.5242771
3 0.6551685 0.5372022 0.6622874 0.6045265 0.6929936 0.6012796 0.6858747 0.5339553
3 0.6758999 0.4396216 0.6687811 0.3722973 0.6380749 0.3755442 0.6451938 0.4428684
3 0.6293349 0.2928872 0.6364536 0.3602114 0.6671598 0.3569646 0.6600410 0.2896403
2 0.5956550 0.3634108 0.6243819 0.6350873 0.6582165 0.6315095 0.6294895 0.3598331
2 0.3996050 0.7039400 0.3708780 0.4322636 0.3370435 0.4358412 0.3657705 0.7075177
2 0.4399773 0.7812079 0.6107605 0.7333758 0.5963000 0.6817449 0.4255168 0.7295771
2 0.5548623 0.2898602 0.3840791 0.3376921 0.3985396 0.3893231 0.5693228 0.3414911
5 0.3718727 0.3810993 0.3507305 0.3870206 0.3553372 0.4034691 0.3764794 0.3975478
