1 0.4213578 0.5382816 0.4165683 0.6022825 0.4437226 0.6043147 0.4485121 0.5403136
1 0.5689736 0.6291443 0.5737632 0.5651433 0.5466089 0.5631112 0.5418193 0.6271122
1 0.4265389 0.4690476 0.4217495 0.5330486 0.4489038 0.5350807 0.4536933 0.4710797
1 0.5517901 0.4938773 0.5470005 0.5578783 0.5741547 0.5599104 0.5789443 0.4959094
1 0.4318161 0.3985316 0.4270266 0.4625326 0.4541809 0.4645647 0.4589704 0.4005637
1 0.5570673 0.4233612 0.5522777 0.4873623 0.5794319 0.4893944 0.5842215 0.4253933
1 0.4592662 0.3966129 0.4640556 0.3326119 0.4369013 0.3305798 0.4321118 0.3945808
1 0.5845171 0.4214426 0.5893067 0.3574415 0.5621524 0.3554094 0.5573628 0.4194105
4 0.3669372 0.3291862 0.3700618 0.2874326 0.3452336 0.2855746 0.3421090 0.3273282
4 0.3706024 0.2802097 0.3737271 0.2384560 0.3488988 0.2365979 0.3457741 0.2783517
0 0.4775163 0.3517309 0.4585732 0.6048616 0.5373214 0.6107547 0.5562646 0.3576241
5 0.3524013 0.3858605 0.3546630 0.3556379 0.3444946 0.3548769 0.3422329 0.3850995
5 0.3468356 0.4602332 0.3490973 0.4300106 0.3389288 0.4292496 0.3366672 0.4594722
5 0.3335558 0.5010477 0.3312941 0.5312704 0.3414625 0.5320313 0.3437243 0.5018087
5 0.3280229 0.5749826 0.3257611 0.6052053 0.3359295 0.6059662 0.3381913 0.5757436
3 0.6654705 0.6994959 0.6701926 0.6363952 0.6410382 0.6342134 0.6363161 0.6973141
3 0.6526351 0.4792492 0.6479129 0.5423500 0.6770674 0.5445318 0.6817895 0.4814310
3 0.6468783 0.5561758 0.6421561 0.6192765 0.6713105 0.6214583 0.6760327 0.5583576
3 0.6829073 0.4664941 0.6876295 0.4033933 0.6584751 0.4012114 0.6537529 0.4643123
3 0.6888368 0.3872597 0.6935590 0.3241590 0.6644046 0.3219773 0.6596825 0.3850780
2 0.6345596 0.6332452 0.6539614 0.3739862 0.6218177 0.3715808 0.6024159 0.6308398
2 0.3866699 0.5841038 0.4060717 0.3248447 0.3739281 0.3224393 0.3545263 0.5816983
2 0.4036457 0.6765138 0.5657071 0.7086407 0.5757419 0.6580209 0.4136805 0.6258940
2 0.4317582 0.3008559 0.5938196 0.3329828 0.6038545 0.2823630 0.4417930 0.2502361
5 0.4172624 0.2831110 0.3976436 0.2792217 0.3944617 0.2952725 0.4140805 0.2991617
