1 0.4710171 0.6194875 0.4630241 0.5500503 0.4340630 0.5533839 0.4420560 0.6228213
1 0.5659944 0.5131635 0.5739874 0.5826008 0.6029484 0.5792671 0.5949554 0.5098298
1 0.4626235 0.5465708 0.4546305 0.4771335 0.4256695 0.4804671 0.4336625 0.5499045
1 0.5945548 0.5063503 0.5865618 0.4369130 0.5576009 0.4402466 0.5655938 0.5096840
1 0.4171206 0.4062002 0.4251136 0.4756375 0.4540746 0.4723037 0.4460816 0.4028664
1 0.5490519 0.3659797 0.5570449 0.4354170 0.5860059 0.4320832 0.5780129 0.3626459
1 0.4088825 0.3346338 0.4168755 0.4040710 0.4458365 0.4007373 0.4378435 0.3313001
1 0.5408139 0.2944133 0.5488069 0.3638506 0.5777678 0.3605168 0.5697748 0.2910795
4 0.3386875 0.3786104 0.3334002 0.3326784 0.3069154 0.3357271 0.3122027 0.3816590
4 0.3327498 0.3270287 0.3274626 0.2810966 0.3009778 0.2841453 0.3062650 0.3300774
0 0.5683586 0.5870388 0.5370579 0.3151211 0.4530844 0.3247873 0.4843851 0.5967050
5 0.3349174 0.4419947 0.3311652 0.4093981 0.3203070 0.4106480 0.3240592 0.4432446
5 0.3293235 0.4889770 0.3330757 0.5215734 0.3439339 0.5203236 0.3401817 0.4877270
5 0.3526382 0.5959409 0.3488860 0.5633444 0.3380278 0.5645943 0.3417800 0.5971909
5 0.3469913 0.6424621 0.3507435 0.6750587 0.3616017 0.6738088 0.3578495 0.6412122
3 0.7147111 0.6003169 0.7068262 0.5318196 0.6757110 0.5354013 0.6835958 0.6038986
3 0.6569241 0.3721940 0.6648089 0.4406913 0.6959241 0.4371096 0.6880393 0.3686122
3 0.6662502 0.4532124 0.6741350 0.5217099 0.7052502 0.5181282 0.6973655 0.4496307
3 0.6474633 0.2900051 0.6553481 0.3585025 0.6864632 0.3549208 0.6785785 0.2864234
3 0.6768574 0.2714717 0.6689726 0.2029742 0.6378573 0.2065559 0.6457421 0.2750534
2 0.6703135 0.5495405 0.6386984 0.2748922 0.6044253 0.2788374 0.6360403 0.5534858
2 0.4092026 0.6291426 0.3775876 0.3544943 0.3433144 0.3584396 0.3749295 0.6330878
2 0.4508134 0.7059084 0.6237283 0.6531937 0.6079648 0.6014858 0.4350498 0.6542006
2 0.5624222 0.2058453 0.3895073 0.2585599 0.4052709 0.3102679 0.5781859 0.2575532
5 0.3615827 0.3255302 0.3831443 0.3189570 0.3781036 0.3024224 0.3565421 0.3089956
