1 0.4693310 0.6910900 0.4622384 0.6222473 0.4333380 0.6252248 0.4404307 0.6940675
1 0.5655602 0.5891415 0.5726528 0.6579841 0.6015532 0.6550066 0.5944605 0.5861639
1 0.4258083 0.5521401 0.4329010 0.6209829 0.4618014 0.6180053 0.4547087 0.5491626
1 0.5580304 0.5160568 0.5651231 0.5848995 0.5940235 0.5819221 0.5869308 0.5130793
1 0.4541323 0.5435674 0.4470395 0.4747248 0.4181392 0.4777023 0.4252319 0.5465450
1 0.5503613 0.4416189 0.5574540 0.5104616 0.5863543 0.5074841 0.5792617 0.4386414
1 0.4107490 0.4059712 0.4178416 0.4748139 0.4467421 0.4718364 0.4396494 0.4029937
1 0.5789641 0.4357530 0.5718714 0.3669103 0.5429711 0.3698879 0.5500638 0.4387305
4 0.3400721 0.4473062 0.3353737 0.4017029 0.3089468 0.4044256 0.3136452 0.4500289
4 0.3347455 0.3956057 0.3300471 0.3500023 0.3036202 0.3527249 0.3083186 0.3983284
0 0.5668390 0.6609152 0.5389329 0.3900533 0.4551279 0.3986875 0.4830340 0.6695493
5 0.3355816 0.5105454 0.3322433 0.4781432 0.3214147 0.4792589 0.3247530 0.5116611
5 0.3295033 0.5577680 0.3328415 0.5901701 0.3436701 0.5890545 0.3403318 0.5566524
5 0.3514787 0.6648459 0.3481404 0.6324437 0.3373118 0.6335593 0.3406501 0.6659615
5 0.3453528 0.7116063 0.3486910 0.7440084 0.3595196 0.7428929 0.3561814 0.7104907
3 0.7129633 0.6799880 0.7059603 0.6120155 0.6749213 0.6152134 0.6819242 0.6831859
3 0.6961098 0.5164050 0.6891068 0.4484326 0.6580677 0.4516305 0.6650707 0.5196029
3 0.6664340 0.5328355 0.6734371 0.6008079 0.7044762 0.5976100 0.6974732 0.5296376
3 0.6876227 0.4340270 0.6806197 0.3660547 0.6495806 0.3692526 0.6565837 0.4372249
3 0.6409633 0.2856114 0.6479663 0.3535838 0.6790053 0.3503860 0.6720023 0.2824135
2 0.6692348 0.6279497 0.6409225 0.3531456 0.6067163 0.3566697 0.6350286 0.6314739
2 0.3450300 0.4280837 0.3733423 0.7028879 0.4075484 0.6993637 0.3792362 0.4245596
2 0.4481525 0.7779120 0.6208228 0.7307903 0.6065332 0.6784281 0.4338628 0.7255497
2 0.5656778 0.2818770 0.3930074 0.3289987 0.4072970 0.3813609 0.5799674 0.3342393
5 0.3635983 0.3953343 0.3849307 0.3895126 0.3803833 0.3728492 0.3590508 0.3786709
