1 0.4116927 0.5064124 0.3998249 0.5720059 0.4270954 0.5769399 0.4389633 0.5113465
1 0.5322774 0.5641937 0.5204095 0.6297872 0.5476801 0.6347213 0.5595480 0.5691277
1 0.4237511 0.4397662 0.4118833 0.5053598 0.4391538 0.5102938 0.4510216 0.4447003
1 0.5443358 0.4975475 0.5324679 0.5631410 0.5597385 0.5680751 0.5716063 0.5024816
1 0.4360327 0.3718861 0.4241648 0.4374796 0.4514354 0.4424137 0.4633032 0.3768201
1 0.5566173 0.4296675 0.5447494 0.4952609 0.5720200 0.5001950 0.5838879 0.4346015
1 0.4478676 0.3064742 0.4359998 0.3720678 0.4632703 0.3770019 0.4751382 0.3114083
1 0.5838550 0.4347832 0.5957229 0.3691896 0.5684522 0.3642555 0.5565844 0.4298491
4 0.3793271 0.2860681 0.3871587 0.2427834 0.3622169 0.2382706 0.3543853 0.2815554
4 0.3878573 0.2389224 0.3956888 0.1956374 0.3707471 0.1911247 0.3629155 0.2344096
0 0.5184565 0.6080507 0.5647154 0.3523781 0.4856526 0.3380733 0.4393937 0.5937458
5 0.3593551 0.3378695 0.3649053 0.3071935 0.3546726 0.3053421 0.3491224 0.3360181
5 0.3464018 0.4094622 0.3519520 0.3787862 0.3417193 0.3769348 0.3361691 0.4076107
5 0.3338969 0.4785765 0.3394472 0.4479006 0.3292144 0.4460492 0.3236642 0.4767251
5 0.3163374 0.5172205 0.3107871 0.5478964 0.3210199 0.5497478 0.3265701 0.5190719
3 0.6354735 0.7294095 0.6472596 0.6642682 0.6179474 0.6589648 0.6061614 0.7241060
3 0.6624633 0.5802375 0.6742494 0.5150963 0.6449371 0.5097928 0.6331511 0.5749341
3 0.6490652 0.6542886 0.6608512 0.5891474 0.6315390 0.5838439 0.6197529 0.6489851
3 0.6585287 0.4346721 0.6467427 0.4998133 0.6760549 0.5051168 0.6878409 0.4399755
3 0.6898549 0.4288442 0.7016409 0.3637030 0.6723287 0.3583995 0.6605427 0.4235407
2 0.6254092 0.3963629 0.5795748 0.6496890 0.6118416 0.6555270 0.6576759 0.4022009
2 0.3731873 0.5411696 0.4190217 0.2878434 0.3867549 0.2820054 0.3409206 0.5353315
2 0.3750861 0.6345873 0.5356681 0.7115343 0.5568009 0.6674319 0.3962189 0.5904849
2 0.6222282 0.3058157 0.4616463 0.2288687 0.4405134 0.2729711 0.6010954 0.3499182
5 0.4078645 0.2591916 0.4285863 0.2691211 0.4353405 0.2550256 0.4146187 0.2450961
