1 0.4285522 0.5541847 0.4347379 0.4864624 0.4066237 0.4838945 0.4004381 0.5516168
1 0.5575752 0.5853591 0.5637609 0.5176367 0.5356467 0.5150688 0.5294611 0.5827912
1 0.4131342 0.4126157 0.4069485 0.4803380 0.4350627 0.4829059 0.4412484 0.4151835
1 0.5421572 0.4437900 0.5359715 0.5115124 0.5640857 0.5140803 0.5702714 0.4463579
1 0.4416937 0.4103073 0.4478794 0.3425849 0.4197653 0.3400170 0.4135796 0.4077393
1 0.5707168 0.4414816 0.5769024 0.3737592 0.5487882 0.3711913 0.5426026 0.4389138
1 0.4480836 0.3403487 0.4542693 0.2726262 0.4261551 0.2700583 0.4199695 0.3377807
1 0.5551781 0.3012328 0.5489925 0.3689551 0.5771066 0.3715230 0.5832922 0.3038007
4 0.3538827 0.2654920 0.3578781 0.2217481 0.3321608 0.2193992 0.3281654 0.2631431
4 0.3584882 0.2150689 0.3624837 0.1713251 0.3367664 0.1689761 0.3327709 0.2127200
0 0.4677744 0.2936939 0.4437170 0.5570829 0.5252131 0.5645266 0.5492706 0.3011376
5 0.3302553 0.2908798 0.3273596 0.3225825 0.3379203 0.3235471 0.3408159 0.2918444
5 0.3232616 0.3674489 0.3203660 0.3991516 0.3309266 0.4001162 0.3338223 0.3684135
5 0.3165101 0.4413675 0.3136144 0.4730703 0.3241750 0.4740348 0.3270707 0.4423321
5 0.3172225 0.5501535 0.3201181 0.5184506 0.3095575 0.5174860 0.3066618 0.5491889
3 0.6562240 0.6614690 0.6622789 0.5951780 0.6320419 0.5924162 0.6259869 0.6587073
3 0.6466141 0.4328752 0.6405592 0.4991663 0.6707962 0.5019280 0.6768510 0.4356370
3 0.6393802 0.5120738 0.6333253 0.5783648 0.6635624 0.5811266 0.6696172 0.5148355
3 0.6781345 0.4215856 0.6841893 0.3552945 0.6539524 0.3525328 0.6478975 0.4188238
3 0.6855853 0.3400112 0.6916402 0.2737201 0.6614032 0.2709583 0.6553484 0.3372494
2 0.6253855 0.5913180 0.6498234 0.3237631 0.6165664 0.3207256 0.5921285 0.5882804
2 0.3700306 0.5296195 0.3944685 0.2620646 0.3612115 0.2590270 0.3367737 0.5265819
2 0.3849458 0.6256669 0.5528008 0.6662237 0.5652539 0.6146836 0.3973988 0.5741268
2 0.4202710 0.2389143 0.5881260 0.2794712 0.6005791 0.2279310 0.4327240 0.1873741
5 0.4071125 0.2199707 0.3864625 0.2149813 0.3824356 0.2316476 0.4030857 0.2366370
