1 0.4333809 0.6021489 0.4415129 0.6704245 0.4702316 0.6670040 0.4620996 0.5987284
1 0.5640540 0.5609196 0.5721861 0.6291952 0.6009048 0.6257746 0.5927727 0.5574990
1 0.4247777 0.5299173 0.4329097 0.5981929 0.4616284 0.5947724 0.4534964 0.5264968
1 0.5923015 0.5535431 0.5841696 0.4852674 0.5554508 0.4886879 0.5635828 0.5569636
1 0.4528659 0.5212033 0.4447339 0.4529276 0.4160153 0.4563482 0.4241472 0.5246239
1 0.5835390 0.4799740 0.5754070 0.4116984 0.5466883 0.4151190 0.5548202 0.4833946
1 0.4075713 0.3854544 0.4157034 0.4537300 0.4444222 0.4503095 0.4362901 0.3820338
1 0.5382445 0.3442250 0.5463765 0.4125007 0.5750951 0.4090802 0.5669632 0.3408045
4 0.3381447 0.4300531 0.3327265 0.3845620 0.3064683 0.3876895 0.3118865 0.4331806
4 0.3320588 0.3789561 0.3266406 0.3334649 0.3003824 0.3365923 0.3058006 0.3820835
0 0.4513256 0.3749009 0.4834160 0.6443284 0.5667025 0.6344085 0.5346122 0.3649810
5 0.3346358 0.4928033 0.3308041 0.4606335 0.3200512 0.4619143 0.3238828 0.4940841
5 0.3292929 0.5395070 0.3331245 0.5716769 0.3438775 0.5703962 0.3400459 0.5382263
5 0.3382148 0.6144137 0.3420464 0.6465836 0.3527993 0.6453028 0.3489677 0.6131330
5 0.3619866 0.7224388 0.3581550 0.6902691 0.3474020 0.6915498 0.3512337 0.7237196
3 0.7118570 0.6459845 0.7037937 0.5782865 0.6729616 0.5819589 0.6810248 0.6496569
3 0.6926007 0.4843110 0.6845375 0.4166129 0.6537055 0.4202852 0.6617687 0.4879832
3 0.6584835 0.5071377 0.6675777 0.5642418 0.7069408 0.5579729 0.6978466 0.5008688
3 0.6440082 0.3388687 0.6520715 0.4065668 0.6829035 0.4028945 0.6748403 0.3351964
3 0.6341624 0.2562038 0.6422256 0.3239020 0.6730577 0.3202296 0.6649945 0.2525316
2 0.6676713 0.5962263 0.6352479 0.3240029 0.6012515 0.3280520 0.6336749 0.6002754
2 0.4090508 0.6778249 0.3766274 0.4056014 0.3426310 0.4096506 0.3750544 0.6818740
2 0.6059859 0.6482047 0.4345190 0.7023052 0.4506218 0.7533416 0.6220886 0.6992411
2 0.4039416 0.3614190 0.5754085 0.3073186 0.5593057 0.2562822 0.3878388 0.3103825
5 0.3606464 0.3770103 0.3820318 0.3702629 0.3769355 0.3541104 0.3555501 0.3608579
