1 0.4207948 0.5196005 0.4249259 0.5835429 0.4517672 0.5818089 0.4476362 0.5178664
1 0.5758278 0.5605915 0.5716966 0.4966491 0.5448552 0.4983833 0.5489865 0.5623257
1 0.4163660 0.4510502 0.4204971 0.5149926 0.4473385 0.5132585 0.4432074 0.4493161
1 0.5713990 0.4920412 0.5672679 0.4280988 0.5404265 0.4298329 0.5445576 0.4937753
1 0.4118552 0.3812305 0.4159863 0.4451730 0.4428276 0.4434388 0.4386965 0.3794964
1 0.5603256 0.3578001 0.5172640 0.3959972 0.5419876 0.4238694 0.5850492 0.3856723
1 0.4075083 0.3139498 0.4116395 0.3778922 0.4384808 0.3761581 0.4343497 0.3122157
1 0.5315689 0.2927325 0.5357000 0.3566749 0.5625414 0.3549408 0.5584102 0.2909985
4 0.3402436 0.3427150 0.3375437 0.3009257 0.3129973 0.3025116 0.3156972 0.3443009
4 0.3371107 0.2942221 0.3344108 0.2524328 0.3098643 0.2540187 0.3125642 0.2958079
0 0.4491728 0.3143199 0.4653260 0.5643430 0.5431530 0.5593148 0.5269998 0.3092917
5 0.3218875 0.3723441 0.3238278 0.4023765 0.3338917 0.4017264 0.3319513 0.3716939
5 0.3266450 0.4459824 0.3285854 0.4760149 0.3386492 0.4753647 0.3367089 0.4453322
5 0.3312379 0.5170715 0.3331782 0.5471040 0.3432420 0.5464538 0.3413018 0.5164213
5 0.3359674 0.5902764 0.3379077 0.6203088 0.3479716 0.6196586 0.3460313 0.5896262
3 0.6783587 0.5931320 0.6743197 0.5306150 0.6454813 0.5324782 0.6495203 0.5949951
3 0.6355684 0.3790442 0.6396075 0.4415612 0.6684459 0.4396980 0.6644068 0.3771810
3 0.6404893 0.4552110 0.6445284 0.5177281 0.6733668 0.5158649 0.6693278 0.4533479
3 0.6634539 0.3624309 0.6594148 0.2999139 0.6305764 0.3017771 0.6346154 0.3642941
3 0.6583853 0.2839791 0.6543463 0.2214620 0.6255079 0.2233251 0.6295469 0.2858422
2 0.5912299 0.2863398 0.6077892 0.5426501 0.6395537 0.5405979 0.6229943 0.2842876
2 0.3940203 0.5825900 0.3774608 0.3262796 0.3456964 0.3283318 0.3622559 0.5846422
2 0.5800318 0.5832736 0.4200936 0.6106269 0.4287167 0.6610475 0.5886549 0.6336942
2 0.4046863 0.2890990 0.5646245 0.2617458 0.5560014 0.2113252 0.3960632 0.2386785
5 0.3639286 0.2978536 0.3831770 0.2945623 0.3804001 0.2783222 0.3611516 0.2816136
