1 0.4561358 0.6752466 0.4564489 0.6120024 0.4289621 0.6118664 0.4286490 0.6751106
1 0.5840828 0.6769238 0.5843959 0.6136796 0.5569092 0.6135435 0.5565961 0.6767877
1 0.4564858 0.6045294 0.4567989 0.5412852 0.4293122 0.5411491 0.4289991 0.6043932
1 0.5844330 0.6062065 0.5847460 0.5429623 0.5572593 0.5428262 0.5569462 0.6060704
1 0.4296687 0.4691224 0.4293557 0.5323666 0.4568424 0.5325027 0.4571555 0.4692584
1 0.5576158 0.4707996 0.5573027 0.5340437 0.5847895 0.5341798 0.5851026 0.4709356
1 0.4300123 0.3997148 0.4296992 0.4629590 0.4571860 0.4630951 0.4574991 0.3998509
1 0.5851330 0.4647722 0.5854461 0.4015280 0.5579594 0.4013919 0.5576463 0.4646361
4 0.3594163 0.4123369 0.3596189 0.3714070 0.3344871 0.3712826 0.3342845 0.4122126
4 0.3596639 0.3623111 0.3598665 0.3213812 0.3347347 0.3212568 0.3345321 0.3621867
0 0.5508968 0.6643468 0.5521356 0.4140705 0.4724219 0.4136759 0.4711830 0.6639522
5 0.3487553 0.4721254 0.3489034 0.4422123 0.3386117 0.4421614 0.3384636 0.4720744
5 0.3382356 0.5181275 0.3380876 0.5480405 0.3483793 0.5480915 0.3485274 0.5181785
5 0.3480162 0.6214278 0.3481643 0.5915147 0.3378726 0.5914638 0.3377245 0.6213769
5 0.3476424 0.6969467 0.3477905 0.6670337 0.3374988 0.6669827 0.3373507 0.6968957
3 0.6570542 0.6681416 0.6567491 0.7297703 0.6862586 0.7299163 0.6865637 0.6682876
3 0.6870421 0.5716322 0.6873472 0.5100036 0.6578377 0.5098574 0.6575326 0.5714861
3 0.6574488 0.5884320 0.6571437 0.6500607 0.6866532 0.6502068 0.6869583 0.5885781
3 0.6874367 0.4919227 0.6877418 0.4302940 0.6582323 0.4301479 0.6579272 0.4917766
3 0.6878374 0.4109908 0.6881424 0.3493620 0.6586330 0.3492160 0.6583279 0.4108447
2 0.6504530 0.6691215 0.6517501 0.4070579 0.6192122 0.4068969 0.6179150 0.6689605
2 0.3972275 0.6658021 0.3985248 0.4037386 0.3659867 0.4035775 0.3646895 0.6656411
2 0.5878426 0.7044892 0.4266134 0.7023758 0.4259194 0.7553208 0.5871486 0.7574342
2 0.4278188 0.3716149 0.5890480 0.3737283 0.5897420 0.3207832 0.4285128 0.3186699
5 0.3865278 0.3730609 0.4048969 0.3733017 0.4051185 0.3563935 0.3867495 0.3561527
