1 0.4268707 0.6353638 0.4236115 0.7000424 0.4508547 0.7014152 0.4541139 0.6367366
1 0.5771061 0.7182504 0.5803654 0.6535719 0.5531222 0.6521990 0.5498629 0.7168776
1 0.4303858 0.5656092 0.4271265 0.6302877 0.4543697 0.6316606 0.4576290 0.5669820
1 0.5566373 0.5824444 0.5533780 0.6471230 0.5806211 0.6484958 0.5838804 0.5838172
1 0.4579499 0.5606142 0.4612092 0.4959357 0.4339660 0.4945629 0.4307067 0.5592414
1 0.5602174 0.5113981 0.5569581 0.5760767 0.5842013 0.5774495 0.5874606 0.5127710
1 0.4613998 0.4921515 0.4646591 0.4274730 0.4374159 0.4261002 0.4341566 0.4907787
1 0.5876513 0.5089867 0.5909106 0.4443083 0.5636674 0.4429355 0.5604081 0.5076139
4 0.3748722 0.4244946 0.3769650 0.3829645 0.3520507 0.3817090 0.3499579 0.4232391
4 0.3696262 0.3814136 0.3717189 0.3398834 0.3468047 0.3386279 0.3447119 0.3801581
0 0.5449039 0.7019048 0.5576421 0.4491203 0.4786509 0.4451398 0.4659127 0.6979243
5 0.3539338 0.4884241 0.3554641 0.4580566 0.3452488 0.4575419 0.3437185 0.4879093
5 0.3414728 0.5324739 0.3399425 0.5628413 0.3501578 0.5633560 0.3516881 0.5329887
5 0.3465126 0.6356941 0.3480428 0.6053267 0.3378275 0.6048119 0.3362972 0.6351793
5 0.3427589 0.7101850 0.3442892 0.6798176 0.3340738 0.6793028 0.3325436 0.7096702
3 0.6756147 0.7828746 0.6787929 0.7198048 0.6495215 0.7183298 0.6463433 0.7813995
3 0.6834823 0.6267450 0.6866605 0.5636753 0.6573892 0.5622003 0.6542110 0.6252700
3 0.6795768 0.7042500 0.6827550 0.6411803 0.6534836 0.6397052 0.6503053 0.7027750
3 0.6874444 0.5481205 0.6906226 0.4850508 0.6613511 0.4835758 0.6581730 0.5466455
3 0.6914672 0.4682904 0.6946454 0.4052206 0.6653740 0.4037456 0.6621957 0.4668154
2 0.6429887 0.7182423 0.6561037 0.4579791 0.6238643 0.4563546 0.6107492 0.7166177
2 0.3931192 0.6849230 0.4062343 0.4246598 0.3739949 0.4230353 0.3608797 0.6832983
2 0.4140937 0.7765485 0.5760126 0.7981399 0.5829016 0.7464777 0.4209827 0.7248864
2 0.4331660 0.3980658 0.5950850 0.4196571 0.6019740 0.3679949 0.4400550 0.3464036
5 0.3944731 0.3950590 0.4137335 0.3976275 0.4159569 0.3809534 0.3966966 0.3783849
