1 0.4576011 0.7113505 0.4513434 0.6433746 0.4228894 0.6459940 0.4291472 0.7139699
1 0.5534992 0.6141526 0.5597569 0.6821285 0.5882109 0.6795090 0.5819531 0.6115332
1 0.4162443 0.5738099 0.4225020 0.6417859 0.4509560 0.6391665 0.4446982 0.5711905
1 0.5815658 0.6073250 0.5753080 0.5393491 0.5468541 0.5419686 0.5531118 0.6099445
1 0.4441878 0.5656458 0.4379301 0.4976698 0.4094762 0.5002893 0.4157339 0.5682652
1 0.5400859 0.4684479 0.5463437 0.5364237 0.5747977 0.5338043 0.5685399 0.4658284
1 0.4029541 0.4294421 0.4092118 0.4974180 0.4376658 0.4947986 0.4314080 0.4268227
1 0.5682755 0.4629572 0.5620178 0.3949813 0.5335639 0.3976007 0.5398216 0.4655766
4 0.3328763 0.4678408 0.3287538 0.4230594 0.3027332 0.4254548 0.3068556 0.4702362
4 0.3281755 0.4167773 0.3240530 0.3719960 0.2980324 0.3743914 0.3021548 0.4191726
0 0.4468400 0.4245860 0.4713668 0.6910141 0.5538713 0.6834189 0.5293445 0.4169908
5 0.3141948 0.4991690 0.3171354 0.5311114 0.3278022 0.5301294 0.3248617 0.4981870
5 0.3349406 0.6076710 0.3320000 0.5757288 0.3213332 0.5767107 0.3242737 0.6086530
5 0.3282244 0.6515682 0.3311649 0.6835105 0.3418318 0.6825285 0.3388912 0.6505862
5 0.3353207 0.7286534 0.3382612 0.7605957 0.3489281 0.7596138 0.3459876 0.7276715
3 0.6609614 0.6432011 0.6671156 0.7100510 0.6976840 0.7072369 0.6915299 0.6403870
3 0.6460879 0.4816338 0.6522420 0.5484838 0.6828105 0.5456697 0.6766564 0.4788198
3 0.6534714 0.5618383 0.6596254 0.6286882 0.6901940 0.6258740 0.6840398 0.5590242
3 0.6385978 0.4002710 0.6447519 0.4671209 0.6753203 0.4643068 0.6691662 0.3974569
3 0.6309929 0.3176605 0.6371469 0.3845104 0.6677154 0.3816963 0.6615613 0.3148464
2 0.5965278 0.3867740 0.6214742 0.6577604 0.6551481 0.6546605 0.6302016 0.3836740
2 0.3380324 0.4497927 0.3629789 0.7207791 0.3966528 0.7176791 0.3717063 0.4466927
2 0.5930119 0.7031020 0.4230412 0.7445393 0.4357577 0.7967010 0.6057284 0.7552638
2 0.3997019 0.4050363 0.5696725 0.3635991 0.5569559 0.3114373 0.3869854 0.3528745
5 0.3566095 0.4176615 0.3774729 0.4125753 0.3734014 0.3958742 0.3525380 0.4009604
