1 0.4154659 0.5983415 0.4128877 0.6618770 0.4399540 0.6629754 0.4425322 0.5994399
1 0.5411046 0.6118424 0.5385264 0.6753780 0.5655926 0.6764762 0.5681708 0.6129407
1 0.4427717 0.5935383 0.4453498 0.5300027 0.4182835 0.5289043 0.4157054 0.5924400
1 0.5684103 0.6070391 0.5709886 0.5435035 0.5439223 0.5424051 0.5413440 0.6059408
1 0.4456415 0.5228153 0.4482197 0.4592798 0.4211534 0.4581814 0.4185752 0.5217170
1 0.5712802 0.5363162 0.5738585 0.4727806 0.5467921 0.4716823 0.5442139 0.5352179
1 0.4484070 0.4546641 0.4509852 0.3911286 0.4239189 0.3900303 0.4213407 0.4535658
1 0.5740457 0.4681650 0.5766240 0.4046295 0.5495577 0.4035311 0.5469794 0.4670666
4 0.3315757 0.3538962 0.3291903 0.3944507 0.3541296 0.3959176 0.3565150 0.3553631
4 0.3335691 0.3047758 0.3311836 0.3453301 0.3561228 0.3467972 0.3585083 0.3062428
0 0.5334300 0.6610500 0.5435805 0.4109092 0.4650924 0.4077242 0.4549418 0.6578650
5 0.3326395 0.4232671 0.3314243 0.4532130 0.3415644 0.4536244 0.3427796 0.4236786
5 0.3385376 0.5282154 0.3397528 0.4982695 0.3296127 0.4978580 0.3283975 0.5278039
5 0.3266906 0.5698669 0.3254754 0.5998127 0.3356155 0.6002241 0.3368308 0.5702783
5 0.3236816 0.6440188 0.3224664 0.6739646 0.3326065 0.6743761 0.3338217 0.6444303
3 0.6375725 0.6747939 0.6350518 0.7369100 0.6641192 0.7380895 0.6666398 0.6759734
3 0.6704260 0.5826706 0.6729466 0.5205545 0.6438792 0.5193750 0.6413586 0.5814910
3 0.6672952 0.6598228 0.6698158 0.5977068 0.6407485 0.5965272 0.6382279 0.6586432
3 0.6736019 0.5044038 0.6761225 0.4422877 0.6470552 0.4411082 0.6445346 0.5032243
3 0.6502799 0.3616413 0.6477593 0.4237574 0.6768267 0.4249370 0.6793473 0.3628209
2 0.6310709 0.6748501 0.6415688 0.4161485 0.6095325 0.4148486 0.5990347 0.6735501
2 0.3824141 0.6481299 0.3929119 0.3894284 0.3608756 0.3881285 0.3503778 0.6468300
2 0.5709345 0.7043194 0.4103909 0.6870676 0.4048436 0.7386904 0.5653872 0.7559421
2 0.5862231 0.3275589 0.4256794 0.3103073 0.4201322 0.3619303 0.5806758 0.3791818
5 0.3812141 0.3597487 0.4001285 0.3617812 0.4019044 0.3452549 0.3829900 0.3432224
