1 0.4335220 0.5620936 0.4381757 0.6282109 0.4660391 0.6262497 0.4613853 0.5601324
1 0.5946733 0.6022723 0.5900195 0.5361552 0.5621561 0.5381165 0.5668099 0.6042336
1 0.4285181 0.4910001 0.4331717 0.5571173 0.4610351 0.5551561 0.4563814 0.4890389
1 0.5896693 0.5311788 0.5850157 0.4650615 0.5571523 0.4670227 0.5618060 0.5331399
1 0.4234214 0.4185901 0.4280752 0.4847073 0.4559385 0.4827461 0.4512848 0.4166289
1 0.5845728 0.4587687 0.5799189 0.3926516 0.5520555 0.3946128 0.5567093 0.4607299
1 0.4185102 0.3488131 0.4231639 0.4149303 0.4510272 0.4129692 0.4463735 0.3468519
1 0.5796614 0.3889918 0.5750077 0.3228746 0.5471444 0.3248358 0.5517981 0.3909530
4 0.3488902 0.3801385 0.3458330 0.3367028 0.3203534 0.3384962 0.3234107 0.3819318
4 0.3453504 0.3298463 0.3422932 0.2864108 0.3168136 0.2882042 0.3198708 0.3316397
0 0.4617204 0.3480461 0.4800027 0.6077911 0.5607983 0.6021042 0.5425161 0.3423593
5 0.3300068 0.4109696 0.3321972 0.4420911 0.3426395 0.4413561 0.3404490 0.4102346
5 0.3480149 0.5177264 0.3458244 0.4866049 0.3353821 0.4873399 0.3375726 0.5184614
5 0.3405714 0.5610665 0.3427619 0.5921880 0.3532041 0.5914531 0.3510136 0.5603315
5 0.3459151 0.6369873 0.3481056 0.6681088 0.3585478 0.6673738 0.3563573 0.6362523
3 0.7012996 0.6347499 0.6967328 0.5698669 0.6668040 0.5719734 0.6713707 0.6368564
3 0.6556037 0.4128469 0.6601705 0.4777300 0.6900994 0.4756234 0.6855326 0.4107404
3 0.6956594 0.5546161 0.6910926 0.4897332 0.6611636 0.4918398 0.6657305 0.5567228
3 0.6499634 0.3327133 0.6545302 0.3975962 0.6844591 0.3954896 0.6798924 0.3306068
3 0.6787324 0.3141271 0.6741656 0.2492442 0.6442367 0.2513508 0.6488035 0.3162336
2 0.6607248 0.5809193 0.6419989 0.3148718 0.6090216 0.3171929 0.6277475 0.5832404
2 0.4061395 0.6283739 0.3874136 0.3623263 0.3544363 0.3646474 0.3731622 0.6306950
2 0.5991216 0.6259011 0.4329433 0.6568766 0.4426584 0.7089965 0.6088367 0.6780211
2 0.4155075 0.3232487 0.5816857 0.2922732 0.5719705 0.2401532 0.4057923 0.2711288
5 0.3732044 0.3329887 0.3932796 0.3292467 0.3901711 0.3125699 0.3700958 0.3163119
