1 0.4251165 0.5608067 0.4285436 0.6252328 0.4560113 0.6237717 0.4525842 0.5593456
1 0.5832782 0.6058385 0.5798510 0.5414124 0.5523834 0.5428736 0.5558106 0.6072997
1 0.4522691 0.5534254 0.4488420 0.4889993 0.4213744 0.4904605 0.4248015 0.5548866
1 0.5795361 0.5354922 0.5761089 0.4710661 0.5486413 0.4725273 0.5520685 0.5369533
1 0.4175630 0.4188115 0.4209902 0.4832377 0.4484578 0.4817765 0.4450307 0.4173504
1 0.5757247 0.4638433 0.5722976 0.3994172 0.5448299 0.4008783 0.5482571 0.4653044
1 0.4138902 0.3497680 0.4173174 0.4141942 0.4447850 0.4127330 0.4413578 0.3483069
1 0.5411571 0.3318349 0.5445842 0.3962610 0.5720519 0.3947998 0.5686247 0.3303737
4 0.3446264 0.3763471 0.3423719 0.3339651 0.3172570 0.3353010 0.3195115 0.3776830
4 0.3419792 0.3265836 0.3397247 0.2842017 0.3146098 0.2855377 0.3168643 0.3279196
0 0.5498016 0.6028456 0.5362530 0.3481506 0.4565964 0.3523880 0.4701450 0.6070830
5 0.3374472 0.4366495 0.3358283 0.4062161 0.3255422 0.4067633 0.3271611 0.4371967
5 0.3295620 0.4823308 0.3311809 0.5127643 0.3414671 0.5122172 0.3398481 0.4817836
5 0.3334427 0.5552825 0.3350616 0.5857159 0.3453478 0.5851687 0.3437288 0.5547353
5 0.3374389 0.6304052 0.3390578 0.6608387 0.3493440 0.6602916 0.3477250 0.6298580
3 0.6878952 0.6427804 0.6845292 0.5795060 0.6550378 0.5810749 0.6584038 0.6443492
3 0.6466621 0.4236211 0.6500280 0.4868954 0.6795193 0.4853266 0.6761534 0.4220523
3 0.6410887 0.5089586 0.6552767 0.5658273 0.6934086 0.5563138 0.6792206 0.4994452
3 0.6424441 0.3443296 0.6458100 0.4076040 0.6753014 0.4060351 0.6719354 0.3427607
3 0.6381614 0.2638223 0.6415274 0.3270966 0.6710188 0.3255278 0.6676528 0.2622535
2 0.6487956 0.5879601 0.6348273 0.3253773 0.6023130 0.3271070 0.6162812 0.5896897
2 0.3504339 0.3625993 0.3644021 0.6251820 0.3969164 0.6234524 0.3829482 0.3608696
2 0.4314426 0.7054104 0.5948402 0.6823859 0.5875080 0.6303514 0.4241104 0.6533758
2 0.4111382 0.3237171 0.5745358 0.3006927 0.5672036 0.2486582 0.4038060 0.2716826
5 0.3694113 0.3314224 0.3888583 0.3286823 0.3865265 0.3121335 0.3670795 0.3148736
