1 0.4211725 0.5923383 0.4262352 0.6584977 0.4543514 0.6563461 0.4492887 0.5901867
1 0.5508127 0.5660583 0.5558755 0.6322178 0.5839916 0.6300662 0.5789289 0.5639067
1 0.4156887 0.5206776 0.4207514 0.5868370 0.4488676 0.5846854 0.4438049 0.5185260
1 0.5785078 0.5584054 0.5734451 0.4922460 0.5453289 0.4943976 0.5503917 0.5605569
1 0.4101034 0.4476899 0.4151661 0.5138494 0.4432822 0.5116978 0.4382195 0.4455384
1 0.5397436 0.4214099 0.5448064 0.4875693 0.5729225 0.4854177 0.5678598 0.4192584
1 0.4047211 0.3773564 0.4097839 0.4435158 0.4379001 0.4413643 0.4328373 0.3752048
1 0.5675403 0.4150842 0.5624775 0.3489248 0.5343614 0.3510764 0.5394242 0.4172357
4 0.3308077 0.3598289 0.3274536 0.3159995 0.3017467 0.3179667 0.3051007 0.3617961
0 0.5498720 0.6312301 0.5298138 0.3691141 0.4482736 0.3753539 0.4683318 0.6374699
5 0.3158241 0.4417466 0.3182168 0.4730137 0.3287432 0.4722082 0.3263506 0.4409410
5 0.3217149 0.5187261 0.3241076 0.5499932 0.3346341 0.5491877 0.3322414 0.5179206
5 0.3403209 0.6235024 0.3379282 0.5922353 0.3274018 0.5930408 0.3297944 0.6243080
5 0.3332579 0.6695672 0.3356506 0.7008344 0.3461770 0.7000288 0.3437844 0.6687617
3 0.6566216 0.5986273 0.6616196 0.6639398 0.6918033 0.6616300 0.6868052 0.5963175
3 0.6443474 0.4382315 0.6493454 0.5035439 0.6795291 0.5012342 0.6745312 0.4359217
3 0.6856222 0.5808570 0.6806241 0.5155445 0.6504405 0.5178543 0.6554385 0.5831668
3 0.6381664 0.3574585 0.6431643 0.4227709 0.6733480 0.4204611 0.6683501 0.3551487
3 0.6670721 0.3384495 0.6620741 0.2731371 0.6318905 0.2754468 0.6368884 0.3407593
2 0.6505609 0.6081303 0.6300207 0.3397173 0.5967369 0.3422644 0.6172770 0.6106774
2 0.3401605 0.3942762 0.3607005 0.6626893 0.3939844 0.6601422 0.3734443 0.3917292
2 0.4313656 0.7406094 0.5992042 0.7065860 0.5885944 0.6542473 0.4207558 0.6882707
2 0.4016112 0.3517843 0.5694498 0.3177609 0.5588399 0.2654221 0.3910014 0.2994455
5 0.3759131 0.3416319 0.3555764 0.3457544 0.3589326 0.3623109 0.3792693 0.3581885
