1 0.4370416 0.5988957 0.4478926 0.5340225 0.4207073 0.5294753 0.4098562 0.5943484
1 0.5581531 0.6525592 0.5690042 0.5876860 0.5418188 0.5831388 0.5309677 0.6480120
1 0.4319051 0.4625289 0.4210540 0.5274022 0.4482394 0.5319493 0.4590904 0.4670761
1 0.5693509 0.5856128 0.5802020 0.5207397 0.5530166 0.5161926 0.5421655 0.5810657
1 0.4596445 0.4637634 0.4704956 0.3988901 0.4433102 0.3943430 0.4324591 0.4592162
1 0.5644218 0.4480065 0.5535707 0.5128798 0.5807561 0.5174270 0.5916071 0.4525537
1 0.4543006 0.3286366 0.4434496 0.3935098 0.4706349 0.3980570 0.4814859 0.3331838
1 0.5917465 0.4517205 0.6025975 0.3868473 0.5754122 0.3823001 0.5645611 0.4471734
4 0.3856093 0.3105873 0.3928003 0.2675956 0.3679439 0.2634380 0.3607528 0.3064297
4 0.3935307 0.2632292 0.4007217 0.2202374 0.3758652 0.2160798 0.3686741 0.2590716
0 0.5286069 0.6271135 0.5712597 0.3721133 0.4924208 0.3589262 0.4497680 0.6139264
5 0.3663226 0.3629026 0.3714198 0.3324288 0.3612402 0.3307261 0.3561429 0.3611999
5 0.3542936 0.4348179 0.3593909 0.4043440 0.3492112 0.4026412 0.3441140 0.4331152
5 0.3375987 0.4720670 0.3325015 0.5025409 0.3426811 0.5042436 0.3477783 0.4737697
5 0.3307230 0.5757354 0.3358202 0.5452616 0.3256406 0.5435589 0.3205433 0.5740327
3 0.6285363 0.6750319 0.6177264 0.7396594 0.6469134 0.7445413 0.6577234 0.6799139
3 0.6719772 0.5946975 0.6827871 0.5300701 0.6535999 0.5251881 0.6427900 0.5898155
3 0.6411580 0.5995728 0.6303481 0.6642002 0.6595352 0.6690822 0.6703451 0.6044548
3 0.6662217 0.4497290 0.6554118 0.5143565 0.6845989 0.5192385 0.6954088 0.4546109
3 0.6790370 0.3731127 0.6682270 0.4377403 0.6974141 0.4426222 0.7082241 0.3779947
2 0.6326845 0.4123688 0.5901989 0.6663699 0.6223797 0.6717526 0.6648653 0.4177515
2 0.3826826 0.5655447 0.4251682 0.3115437 0.3929875 0.3061610 0.3505019 0.5601621
2 0.3862904 0.6589035 0.5471317 0.7301708 0.5670735 0.6851647 0.4062322 0.6138973
2 0.6278319 0.3219197 0.4669906 0.2506523 0.4470488 0.2956583 0.6078900 0.3669258
5 0.4408910 0.2777388 0.4203186 0.2686234 0.4140060 0.2828702 0.4345783 0.2919856
