1 0.4623379 0.6121526 0.4539025 0.5420154 0.4247436 0.5455223 0.4331790 0.6156595
1 0.5948922 0.5699410 0.5864568 0.4998039 0.5572979 0.5033108 0.5657333 0.5734479
1 0.4159332 0.4722673 0.4243686 0.5424045 0.4535275 0.5388976 0.4450922 0.4687604
1 0.5860819 0.4966861 0.5776464 0.4265490 0.5484874 0.4300559 0.5569229 0.5001931
1 0.4069597 0.3976560 0.4153951 0.4677931 0.4445541 0.4642861 0.4361186 0.3941491
1 0.5771084 0.4220747 0.5686730 0.3519375 0.5395140 0.3554445 0.5479494 0.4255816
1 0.3983125 0.3257576 0.4067479 0.3958948 0.4359068 0.3923879 0.4274715 0.3222507
1 0.5308668 0.2835461 0.5393022 0.3536834 0.5684611 0.3501765 0.5600258 0.2800393
4 0.3279575 0.3713022 0.3223841 0.3249616 0.2957148 0.3281691 0.3012882 0.3745098
4 0.3217250 0.3194812 0.3161516 0.2731406 0.2894823 0.2763481 0.2950556 0.3226887
0 0.4426884 0.3148274 0.4756337 0.5887554 0.5601700 0.5785882 0.5272247 0.3046603
5 0.3244719 0.4350783 0.3205176 0.4022004 0.3095750 0.4035165 0.3135293 0.4363944
5 0.3339362 0.5137705 0.3299819 0.4808925 0.3190393 0.4822085 0.3229936 0.5150865
5 0.3281760 0.5581765 0.3321302 0.5910545 0.3430728 0.5897384 0.3391186 0.5568604
5 0.3375846 0.6364055 0.3415388 0.6692834 0.3524814 0.6679673 0.3485272 0.6350894
3 0.6677952 0.5241758 0.6761099 0.5933090 0.7074538 0.5895393 0.6991392 0.5204060
3 0.6480753 0.3602114 0.6563900 0.4293448 0.6877339 0.4255750 0.6794192 0.3564417
3 0.6578646 0.4416057 0.6661793 0.5107390 0.6975232 0.5069693 0.6892086 0.4378360
3 0.6381447 0.2776414 0.6464593 0.3467748 0.6778033 0.3430051 0.6694887 0.2738717
3 0.6280618 0.1938053 0.6363763 0.2629386 0.6677203 0.2591689 0.6594057 0.1900356
2 0.5947983 0.2670221 0.6280077 0.5431457 0.6625080 0.5389963 0.6292986 0.2628728
2 0.3324546 0.3505647 0.3656640 0.6266881 0.4001642 0.6225388 0.3669549 0.3464153
2 0.5999555 0.5918628 0.4259689 0.6472682 0.4424352 0.6989762 0.6164217 0.6435708
2 0.3946308 0.3015008 0.5686174 0.2460954 0.5521512 0.1943874 0.3781646 0.2497927
5 0.3672102 0.2939281 0.3454263 0.3008649 0.3507066 0.3174468 0.3724906 0.3105099
