1 0.4325484 0.5320916 0.4446676 0.5985788 0.4720917 0.5935799 0.4599725 0.5270928
1 0.5932193 0.5351431 0.5811002 0.4686559 0.5536761 0.4736547 0.5657952 0.5401419
1 0.4203500 0.4651696 0.4324692 0.5316567 0.4598933 0.5266579 0.4477741 0.4601708
1 0.5414776 0.4067327 0.5535968 0.4732199 0.5810209 0.4682211 0.5689017 0.4017339
1 0.4474690 0.4584967 0.4353498 0.3920097 0.4079256 0.3970085 0.4200448 0.4634956
1 0.5290534 0.3385715 0.5411725 0.4050587 0.5685966 0.4000599 0.5564775 0.3335727
1 0.3959531 0.3313259 0.4080724 0.3978131 0.4354965 0.3928142 0.4233772 0.3263271
1 0.5170808 0.2728891 0.5292000 0.3393762 0.5566241 0.3343773 0.5445049 0.2678902
4 0.3336722 0.3878285 0.3256329 0.3437240 0.3005433 0.3482972 0.3085826 0.3924017
4 0.3250430 0.3404873 0.3170036 0.2963828 0.2919141 0.3009562 0.2999534 0.3450606
0 0.4358187 0.3100303 0.4827071 0.5672650 0.5621920 0.5527766 0.5153036 0.2955419
5 0.3178025 0.4178484 0.3234495 0.4488283 0.3337610 0.4469488 0.3281140 0.4159688
5 0.3468648 0.5188377 0.3412178 0.4878578 0.3309063 0.4897374 0.3365533 0.5207173
5 0.3595150 0.5882382 0.3538680 0.5572582 0.3435565 0.5591378 0.3492035 0.5901178
5 0.3565832 0.6306037 0.3622302 0.6615837 0.3725417 0.6597041 0.3668947 0.6287242
3 0.6576238 0.4767702 0.6696085 0.5425197 0.6991192 0.5371405 0.6871345 0.4713911
3 0.6718158 0.3873513 0.6598311 0.3216018 0.6303204 0.3269809 0.6423051 0.3927304
3 0.6438742 0.4013386 0.6558589 0.4670880 0.6853697 0.4617088 0.6733850 0.3959594
3 0.6165709 0.2515494 0.6285555 0.3172988 0.6580662 0.3119196 0.6460816 0.2461702
3 0.6026105 0.1749609 0.6145952 0.2407104 0.6441060 0.2353312 0.6321213 0.1695818
2 0.6544737 0.4965101 0.6080991 0.2420941 0.5756654 0.2480060 0.6220400 0.5024221
2 0.3359367 0.3636608 0.3823112 0.6180769 0.4147449 0.6121649 0.3683704 0.3577488
2 0.5982265 0.5524132 0.4368902 0.6302483 0.4582249 0.6744709 0.6195613 0.5966358
2 0.3920373 0.3113580 0.5533736 0.2335228 0.5320388 0.1893001 0.3707025 0.2671353
5 0.3516334 0.3327245 0.3725232 0.3226464 0.3656389 0.3083767 0.3447491 0.3184547
