1 0.4243964 0.5041339 0.4282505 0.5721692 0.4568027 0.5705518 0.4529486 0.5025165
1 0.5565515 0.4843314 0.5604055 0.5523666 0.5889577 0.5507492 0.5851038 0.4827140
1 0.4202606 0.4311230 0.4241146 0.4991583 0.4526668 0.4975409 0.4488128 0.4295056
1 0.5524157 0.4113205 0.5562696 0.4793558 0.5848218 0.4777384 0.5809678 0.4097031
1 0.4160482 0.3567602 0.4199022 0.4247954 0.4484544 0.4231780 0.4446004 0.3551428
1 0.5806094 0.4033756 0.5767554 0.3353403 0.5482032 0.3369577 0.5520571 0.4049929
1 0.4119889 0.2851014 0.4158429 0.3531368 0.4443951 0.3515195 0.4405411 0.2834840
1 0.5765501 0.3317168 0.5726961 0.2636817 0.5441440 0.2652990 0.5479980 0.3333342
4 0.3401680 0.3136135 0.3376584 0.2693110 0.3115446 0.2707903 0.3140542 0.3150927
4 0.3372422 0.2619651 0.3347327 0.2176626 0.3086188 0.2191419 0.3111284 0.2634444
0 0.5541640 0.5478742 0.5391279 0.2824394 0.4563486 0.2871286 0.4713848 0.5525633
5 0.3329216 0.3763921 0.3311131 0.3444660 0.3204001 0.3450728 0.3222086 0.3769990
5 0.3248429 0.4235027 0.3266515 0.4554289 0.3373645 0.4548221 0.3355560 0.4228958
5 0.3291320 0.4992175 0.3309405 0.5311438 0.3416535 0.5305369 0.3398450 0.4986107
5 0.3335486 0.5771858 0.3353572 0.6091121 0.3460702 0.6085052 0.3442617 0.5765789
3 0.6977528 0.5874434 0.6939946 0.5210993 0.6633059 0.5228378 0.6670641 0.5891818
3 0.6884957 0.4240255 0.6847374 0.3576814 0.6540487 0.3594198 0.6578069 0.4257639
3 0.6930910 0.5051485 0.6893328 0.4388045 0.6586441 0.4405429 0.6624023 0.5068870
3 0.6493869 0.2771251 0.6531452 0.3434690 0.6838340 0.3417306 0.6800758 0.2753866
3 0.6446537 0.1935682 0.6484119 0.2599123 0.6791007 0.2581739 0.6753424 0.1918298
2 0.6569002 0.5306458 0.6414544 0.2579814 0.6076708 0.2598951 0.6231166 0.5325596
2 0.3953466 0.5698379 0.3799009 0.2971733 0.3461172 0.2990871 0.3615629 0.5717516
2 0.4315324 0.6544549 0.6014116 0.6289997 0.5933319 0.5750783 0.4234527 0.6005336
2 0.4090917 0.2583041 0.5789708 0.2328489 0.5708911 0.1789274 0.4010119 0.2043826
5 0.3657366 0.2666956 0.3860617 0.2636501 0.3834499 0.2462197 0.3631248 0.2492653
