1 0.4210157 0.5099602 0.4156607 0.5745280 0.4427924 0.5767782 0.4481472 0.5122102
1 0.5458720 0.5373820 0.5405170 0.6019499 0.5676487 0.6042001 0.5730036 0.5396322
1 0.4267388 0.4409529 0.4213838 0.5055207 0.4485155 0.5077709 0.4538704 0.4432031
1 0.5515951 0.4683748 0.5462402 0.5329427 0.5733718 0.5351928 0.5787268 0.4706250
1 0.4543446 0.4374859 0.4596995 0.3729180 0.4325679 0.3706678 0.4272130 0.4352357
1 0.5792009 0.4649078 0.5845558 0.4003399 0.5574241 0.3980898 0.5520692 0.4626576
1 0.4599617 0.3697566 0.4653166 0.3051888 0.4381850 0.3029386 0.4328301 0.3675064
1 0.5848181 0.3971785 0.5901729 0.3326107 0.5630413 0.3303605 0.5576864 0.3949284
4 0.3683453 0.3000551 0.3718252 0.2580957 0.3470134 0.2560380 0.3435335 0.2979974
4 0.3723938 0.2512388 0.3758737 0.2092796 0.3510620 0.2072218 0.3475821 0.2491810
0 0.5362073 0.5850005 0.5572370 0.3314311 0.4785679 0.3249067 0.4575381 0.5784760
5 0.3457316 0.3251691 0.3432122 0.3555464 0.3533844 0.3563900 0.3559038 0.3260128
5 0.3395837 0.3992983 0.3370643 0.4296755 0.3472365 0.4305191 0.3497559 0.4001419
5 0.3413014 0.5020821 0.3438208 0.4717048 0.3336486 0.4708612 0.3311292 0.5012385
5 0.3351897 0.5757749 0.3377090 0.5453976 0.3275369 0.5445540 0.3250175 0.5749313
3 0.6721811 0.6648875 0.6774457 0.6014085 0.6482961 0.5989910 0.6430315 0.6624700
3 0.6762809 0.5216845 0.6815456 0.4582056 0.6523960 0.4557880 0.6471313 0.5192670
3 0.6460371 0.5324625 0.6407724 0.5959415 0.6699219 0.5983590 0.6751866 0.5348800
3 0.6827319 0.4439024 0.6879965 0.3804234 0.6588469 0.3780059 0.6535823 0.4414848
3 0.6892816 0.3649275 0.6945463 0.3014485 0.6653967 0.2990310 0.6601321 0.3625100
2 0.6224835 0.3478252 0.6010269 0.6065410 0.6331351 0.6092039 0.6545917 0.3504881
2 0.3860268 0.5549320 0.4074833 0.2962161 0.3753751 0.2935533 0.3539185 0.5522691
2 0.4017142 0.6474811 0.5637091 0.6830598 0.5747323 0.6328694 0.4127374 0.5972908
2 0.6057854 0.2584417 0.4437906 0.2228632 0.4327673 0.2730537 0.5947622 0.3086323
5 0.3958831 0.2667623 0.4156442 0.2711024 0.4191681 0.2550580 0.3994069 0.2507179
