1 0.4312959 0.6800977 0.4419610 0.6101778 0.4130380 0.6057661 0.4023729 0.6756860
1 0.5609908 0.7324733 0.5716559 0.6625533 0.5427329 0.6581416 0.5320678 0.7280616
1 0.4239697 0.5340979 0.4133047 0.6040179 0.4422276 0.6084296 0.4528927 0.5385095
1 0.5719225 0.6608051 0.5825876 0.5908852 0.5536646 0.5864735 0.5429996 0.6563935
1 0.4351039 0.4611026 0.4244388 0.5310226 0.4533618 0.5354343 0.4640269 0.4655143
1 0.5830567 0.5878099 0.5937218 0.5178899 0.5647988 0.5134782 0.5541337 0.5833982
1 0.4640910 0.4650935 0.4747561 0.3951735 0.4458331 0.3907618 0.4351680 0.4606818
1 0.5937859 0.5174690 0.6044510 0.4475490 0.5755280 0.4431373 0.5648630 0.5130574
4 0.3723035 0.3755294 0.3792868 0.3297471 0.3528311 0.3257117 0.3458478 0.3714941
4 0.3800366 0.3248308 0.3870199 0.2790486 0.3605643 0.2750132 0.3535810 0.3207955
0 0.5291656 0.7065729 0.5706398 0.4346687 0.4867945 0.4218796 0.4453202 0.6937837
5 0.3525485 0.4318637 0.3575312 0.3991971 0.3466710 0.3975406 0.3416883 0.4302072
5 0.3408054 0.5088513 0.3457882 0.4761847 0.3349279 0.4745281 0.3299451 0.5071948
5 0.3235914 0.5488505 0.3186086 0.5815172 0.3294688 0.5831737 0.3344516 0.5505071
5 0.3177949 0.6597081 0.3227776 0.6270415 0.3119174 0.6253849 0.3069347 0.6580516
3 0.6362455 0.7532799 0.6257101 0.8223499 0.6568102 0.8270937 0.6673457 0.7580237
3 0.6607137 0.5928673 0.6501783 0.6619374 0.6812783 0.6666812 0.6918138 0.5976111
3 0.6691320 0.7463124 0.6796674 0.6772422 0.6485673 0.6724985 0.6380319 0.7415686
3 0.6936001 0.5858998 0.7041356 0.5168297 0.6730354 0.5120859 0.6625000 0.5811560
3 0.6855462 0.4300658 0.6750107 0.4991359 0.7061108 0.5038797 0.7166463 0.4348096
2 0.6367956 0.4738055 0.5954036 0.7451707 0.6296203 0.7503898 0.6710123 0.4790246
2 0.3729356 0.6467311 0.4143276 0.3753659 0.3801109 0.3701467 0.3387189 0.6415119
2 0.3788448 0.7461016 0.5505084 0.8154256 0.5702885 0.7664453 0.3986249 0.6971213
2 0.6296031 0.3775799 0.4579396 0.3082557 0.4381595 0.3572361 0.6098230 0.4265602
5 0.4305153 0.3380945 0.4086246 0.3292543 0.4022662 0.3449992 0.4241569 0.3538395
