1 0.4221829 0.6100643 0.4349928 0.5438932 0.4073037 0.5385329 0.3944937 0.6047040
1 0.5289296 0.6009029 0.5161198 0.6670740 0.5438088 0.6724342 0.5566187 0.6062632
1 0.4203185 0.4713035 0.4075086 0.5374745 0.4351977 0.5428348 0.4480076 0.4766637
1 0.5568236 0.6052048 0.5696334 0.5390338 0.5419443 0.5336735 0.5291345 0.5998446
1 0.4484534 0.4743605 0.4612633 0.4081895 0.4335742 0.4028292 0.4207643 0.4690002
1 0.5700794 0.5367305 0.5828892 0.4705594 0.5552001 0.4651992 0.5423903 0.5313703
1 0.4612271 0.4083763 0.4740370 0.3422052 0.4463478 0.3368449 0.4335379 0.4030160
1 0.5828531 0.4707462 0.5956629 0.4045752 0.5679738 0.3992149 0.5551640 0.4653860
4 0.3770368 0.3142362 0.3855405 0.2703093 0.3602206 0.2654077 0.3517169 0.3093345
4 0.3862435 0.2666777 0.3947472 0.2227508 0.3694274 0.2178491 0.3609236 0.2617761
0 0.4842836 0.3701628 0.4341458 0.6291567 0.5144370 0.6447001 0.5645748 0.3857062
5 0.3561779 0.3660265 0.3621762 0.3350415 0.3518001 0.3330327 0.3458017 0.3640178
5 0.3421972 0.4382458 0.3481954 0.4072608 0.3378193 0.4052522 0.3318210 0.4362371
5 0.3287004 0.5079651 0.3346987 0.4769801 0.3243225 0.4749715 0.3183242 0.5059564
5 0.3148019 0.5797594 0.3208002 0.5487744 0.3104241 0.5467657 0.3044258 0.5777506
3 0.6146671 0.6999732 0.6018927 0.7659612 0.6316331 0.7717186 0.6444075 0.7057306
3 0.6437976 0.5494958 0.6310231 0.6154838 0.6607636 0.6212412 0.6735380 0.5552532
3 0.6463028 0.6959404 0.6590772 0.6299524 0.6293368 0.6241950 0.6165624 0.6901829
3 0.6584673 0.4737176 0.6456929 0.5397056 0.6754333 0.5454630 0.6882077 0.4794749
3 0.6903279 0.4685228 0.7031023 0.4025348 0.6733618 0.3967775 0.6605874 0.4627655
2 0.6085390 0.6960707 0.6580923 0.4400971 0.6253208 0.4337530 0.5757675 0.6897265
2 0.3678240 0.5726316 0.4173771 0.3166580 0.3846056 0.3103138 0.3350525 0.5662875
2 0.5530054 0.7067376 0.3906570 0.6234851 0.3681889 0.6672996 0.5305372 0.7505522
2 0.4388058 0.3025184 0.6011542 0.3857709 0.6236224 0.3419563 0.4612741 0.2587038
5 0.4343286 0.2846269 0.4133158 0.2738515 0.4061818 0.2877632 0.4271946 0.2985387
