1 0.4345171 0.6273075 0.4449938 0.5629085 0.4180384 0.5585234 0.4075617 0.6229224
1 0.5383915 0.6103898 0.5279146 0.6747887 0.5548700 0.6791740 0.5653468 0.6147750
1 0.4453400 0.5607809 0.4558167 0.4963819 0.4288613 0.4919967 0.4183846 0.5563956
1 0.5656930 0.6126473 0.5761697 0.5482484 0.5492143 0.5438632 0.5387375 0.6082621
1 0.4563632 0.4930225 0.4668399 0.4286235 0.4398845 0.4242383 0.4294078 0.4886373
1 0.5767162 0.5448889 0.5871930 0.4804899 0.5602375 0.4761047 0.5497608 0.5405037
1 0.4505070 0.3589438 0.4400302 0.4233427 0.4669857 0.4277280 0.4774625 0.3633290
1 0.5708600 0.4108102 0.5603833 0.4752092 0.5873386 0.4795944 0.5978153 0.4151954
4 0.3822758 0.3419880 0.3892083 0.2993754 0.3645612 0.2953656 0.3576288 0.3379782
4 0.3899319 0.2949266 0.3968644 0.2523140 0.3722174 0.2483042 0.3652849 0.2909169
0 0.4884372 0.3886074 0.4472841 0.6415702 0.5254534 0.6542872 0.5666066 0.4013243
5 0.3633702 0.3940643 0.3682879 0.3638361 0.3581919 0.3621936 0.3532743 0.3924218
5 0.3517441 0.4655285 0.3566618 0.4353004 0.3465659 0.4336579 0.3416482 0.4638861
5 0.3405204 0.5345190 0.3454381 0.5042908 0.3353421 0.5026484 0.3304244 0.5328766
5 0.3289627 0.6055627 0.3338804 0.5753345 0.3237844 0.5736921 0.3188667 0.6039202
3 0.6247725 0.7006695 0.6143464 0.7647574 0.6432905 0.7694662 0.6537166 0.7053783
3 0.6675149 0.6205618 0.6779411 0.5564739 0.6489971 0.5517652 0.6385709 0.6158531
3 0.6554896 0.6944802 0.6659158 0.6303922 0.6369718 0.6256834 0.6265456 0.6897714
3 0.6797140 0.5455758 0.6901402 0.4814879 0.6611961 0.4767792 0.6507699 0.5408670
3 0.6735823 0.4006432 0.6631561 0.4647311 0.6921002 0.4694399 0.7025263 0.4053520
2 0.6186456 0.6975396 0.6596830 0.4452882 0.6277762 0.4400975 0.5867388 0.6923488
2 0.3895806 0.3374464 0.3485432 0.5896978 0.3804500 0.5948885 0.4214874 0.3426371
2 0.3846152 0.6874986 0.5442904 0.7563111 0.5636643 0.7113551 0.4039891 0.6425427
2 0.4433391 0.3265308 0.6030143 0.3953434 0.6223882 0.3503874 0.4627130 0.2815748
5 0.4369106 0.3087370 0.4165233 0.2999510 0.4103822 0.3142008 0.4307695 0.3229868
