1 0.4268193 0.6124279 0.4287805 0.6749141 0.4554959 0.6740756 0.4535348 0.6115894
1 0.5509778 0.6021062 0.5529389 0.6645923 0.5796544 0.6637539 0.5776932 0.6012677
1 0.4533423 0.6054573 0.4513810 0.5429713 0.4246656 0.5438098 0.4266269 0.6062958
1 0.5488241 0.5334880 0.5507853 0.5959741 0.5775008 0.5951356 0.5755395 0.5326495
1 0.4511487 0.5355686 0.4491874 0.4730825 0.4224721 0.4739210 0.4244333 0.5364071
1 0.5753071 0.5252468 0.5733459 0.4627607 0.5466306 0.4635993 0.5485918 0.5260853
1 0.4203582 0.4065736 0.4223195 0.4690597 0.4490349 0.4682212 0.4470737 0.4057351
1 0.5731933 0.4578995 0.5712321 0.3954133 0.5445168 0.3962519 0.5464780 0.4587379
4 0.3524073 0.4279076 0.3511276 0.3871335 0.3267009 0.3879001 0.3279806 0.4286742
4 0.3508838 0.3793666 0.3496040 0.3385926 0.3251773 0.3393593 0.3264571 0.3801333
0 0.4619044 0.4135936 0.4696291 0.6597091 0.5471053 0.6572775 0.5393806 0.4111620
5 0.3332311 0.4571978 0.3341563 0.4866779 0.3441598 0.4863639 0.3432345 0.4568839
5 0.3355446 0.5309091 0.3364699 0.5603892 0.3464734 0.5600752 0.3455481 0.5305951
5 0.3377780 0.6020685 0.3387033 0.6315488 0.3487068 0.6312348 0.3477814 0.6017546
5 0.3510066 0.7045121 0.3500814 0.6750319 0.3400779 0.6753459 0.3410032 0.7048261
3 0.6806319 0.7057864 0.6787171 0.6447778 0.6500348 0.6456779 0.6519496 0.7066866
3 0.6758114 0.5522004 0.6738966 0.4911919 0.6452143 0.4920921 0.6471291 0.5531007
3 0.6476073 0.5683343 0.6495221 0.6293430 0.6782044 0.6284428 0.6762896 0.5674341
3 0.6733838 0.4748569 0.6714690 0.4138482 0.6427869 0.4147484 0.6447017 0.4757571
3 0.6403220 0.3362188 0.6422369 0.3972275 0.6709192 0.3963273 0.6690043 0.3353186
2 0.6437588 0.6501534 0.6357458 0.3948541 0.6041213 0.3958467 0.6121342 0.6511459
2 0.3980314 0.6705816 0.3900185 0.4152824 0.3583940 0.4162750 0.3664069 0.6715741
2 0.5835202 0.6889104 0.4254261 0.7020533 0.4296792 0.7532127 0.5877733 0.7400699
2 0.4179936 0.3808962 0.5760877 0.3677531 0.5718346 0.3165936 0.4137405 0.3297366
5 0.3774655 0.3862469 0.3959229 0.3847125 0.3945607 0.3683267 0.3761033 0.3698611
