1 0.4311434 0.5624843 0.4366762 0.4970422 0.4093069 0.4947283 0.4037741 0.5601703
1 0.5570273 0.5906605 0.5625600 0.5252185 0.5351908 0.5229046 0.5296580 0.5883466
1 0.4370247 0.4929193 0.4425575 0.4274773 0.4151882 0.4251634 0.4096555 0.4906054
1 0.5629086 0.5210955 0.5684413 0.4556536 0.5410721 0.4533397 0.5355394 0.5187817
1 0.4430150 0.4220663 0.4485477 0.3566243 0.4211784 0.3543104 0.4156457 0.4197524
1 0.5688988 0.4502425 0.5744315 0.3848005 0.5470623 0.3824866 0.5415296 0.4479286
1 0.4487874 0.3537897 0.4543201 0.2883476 0.4269508 0.2860337 0.4214181 0.3514758
1 0.5746712 0.3819660 0.5802040 0.3165240 0.5528347 0.3142101 0.5473019 0.3796521
4 0.3565170 0.2828338 0.3601022 0.2404279 0.3350715 0.2383117 0.3314863 0.2807176
4 0.3606775 0.2336231 0.3642627 0.1912172 0.3392320 0.1891010 0.3356468 0.2315069
0 0.5253556 0.5710613 0.5469987 0.3150645 0.4676453 0.3083556 0.4460023 0.5643524
5 0.3413382 0.3396215 0.3439360 0.3088937 0.3336701 0.3080258 0.3310723 0.3387536
5 0.3273523 0.3827539 0.3247545 0.4134817 0.3350204 0.4143496 0.3376183 0.3836218
5 0.3289212 0.4864910 0.3315191 0.4557632 0.3212532 0.4548953 0.3186554 0.4856230
5 0.3226406 0.5607793 0.3252384 0.5300515 0.3149725 0.5291836 0.3123747 0.5599114
3 0.6535784 0.6634105 0.6590068 0.5992032 0.6295947 0.5967166 0.6241664 0.6609238
3 0.6667423 0.5077056 0.6721707 0.4434983 0.6427587 0.4410117 0.6373303 0.5052190
3 0.6528219 0.5892168 0.6737164 0.5236889 0.6436096 0.5140889 0.6227151 0.5796169
3 0.6493879 0.3626010 0.6439595 0.4268082 0.6733715 0.4292948 0.6787999 0.3650876
3 0.6561187 0.2829880 0.6506903 0.3471952 0.6801023 0.3496818 0.6855307 0.2854745
2 0.6127583 0.3321016 0.5907035 0.5929687 0.6230898 0.5957068 0.6451446 0.3348397
2 0.3636162 0.2763367 0.3415614 0.5372038 0.3739478 0.5399419 0.3960025 0.2790748
2 0.3895223 0.6333251 0.5529355 0.6699014 0.5642481 0.6193600 0.4008349 0.5827837
2 0.4214338 0.2558717 0.5848470 0.2924479 0.5961596 0.2419065 0.4327464 0.2053302
5 0.3842922 0.2493832 0.4042653 0.2538537 0.4078991 0.2376184 0.3879260 0.2331480
