1 0.4281717 0.6447427 0.4324622 0.7096813 0.4596972 0.7078818 0.4554067 0.6429433
1 0.5540118 0.6227341 0.5583023 0.6876726 0.5855372 0.6858732 0.5812467 0.6209347
1 0.4551031 0.6383495 0.4508127 0.5734111 0.4235778 0.5752105 0.4278682 0.6401489
1 0.5494179 0.5532018 0.5537083 0.6181403 0.5809432 0.6163409 0.5766528 0.5514024
1 0.4504242 0.5675297 0.4461336 0.5025913 0.4188987 0.5043907 0.4231892 0.5693291
1 0.5762641 0.5455211 0.5719737 0.4805826 0.5447388 0.4823819 0.5490292 0.5473205
1 0.4459153 0.4992852 0.4416248 0.4343467 0.4143898 0.4361461 0.4186803 0.5010846
1 0.5717553 0.4772766 0.5674648 0.4123381 0.5402299 0.4141375 0.5445204 0.4790760
4 0.3462596 0.4670047 0.3434558 0.4245672 0.3185493 0.4262128 0.3213531 0.4686502
4 0.3430099 0.4178171 0.3402060 0.3753797 0.3152995 0.3770253 0.3181033 0.4194626
0 0.4566820 0.4366457 0.4734502 0.6904429 0.5524182 0.6852256 0.5356500 0.4314284
5 0.3276726 0.4968327 0.3296872 0.5273248 0.3398988 0.5266501 0.3378842 0.4961581
5 0.3448338 0.6013432 0.3428192 0.5708512 0.3326075 0.5715259 0.3346221 0.6020179
5 0.3373717 0.6436333 0.3393863 0.6741253 0.3495979 0.6734506 0.3475833 0.6429586
5 0.3545038 0.7477041 0.3524892 0.7172122 0.3422776 0.7178868 0.3442921 0.7483788
3 0.6896767 0.7194604 0.6854821 0.6559718 0.6562205 0.6579050 0.6604151 0.7213936
3 0.6459379 0.5022732 0.6501325 0.5657618 0.6793942 0.5638285 0.6751995 0.5003399
3 0.6844985 0.6410865 0.6803039 0.5775979 0.6510423 0.5795312 0.6552370 0.6430197
3 0.6742161 0.4854546 0.6700214 0.4219660 0.6407598 0.4238993 0.6449544 0.4873879
3 0.6355022 0.3443235 0.6396968 0.4078122 0.6689585 0.4058789 0.6647639 0.3423902
2 0.6502272 0.6662567 0.6330466 0.4062186 0.6008166 0.4083480 0.6179972 0.6683861
2 0.3517612 0.4519063 0.3689419 0.7119443 0.4011719 0.7098149 0.3839912 0.4497768
2 0.4365004 0.7892124 0.5988173 0.7608241 0.5898799 0.7097222 0.4275630 0.7381105
2 0.4115739 0.4119360 0.5738907 0.3835479 0.5649534 0.3324459 0.4026365 0.3608341
5 0.3702329 0.4212950 0.3897820 0.4178760 0.3869022 0.4014094 0.3673531 0.4048284
