1 0.4680023 0.7200276 0.4621193 0.6533603 0.4343509 0.6558107 0.4402339 0.7224780
1 0.5955687 0.6902376 0.5896856 0.6235703 0.5619171 0.6260208 0.5678002 0.6926880
1 0.4281310 0.5853264 0.4340140 0.6519936 0.4617824 0.6495433 0.4558994 0.5828760
1 0.5556973 0.5555364 0.5615804 0.6222037 0.5893487 0.6197532 0.5834657 0.5530860
1 0.4554474 0.5777538 0.4495643 0.5110865 0.4217959 0.5135369 0.4276790 0.5802042
1 0.5493623 0.4837469 0.5552453 0.5504142 0.5830137 0.5479637 0.5771307 0.4812965
1 0.4156913 0.4443579 0.4215744 0.5110252 0.4493428 0.5085748 0.4434597 0.4419075
1 0.5432577 0.4145679 0.5491407 0.4812352 0.5769091 0.4787848 0.5710261 0.4121175
4 0.3471906 0.4813700 0.3433346 0.4376737 0.3179359 0.4399151 0.3217918 0.4836113
4 0.3427907 0.4315089 0.3389347 0.3878127 0.3135359 0.3900540 0.3173919 0.4337503
0 0.5744610 0.4730797 0.3985310 0.5462793 0.4464086 0.6613497 0.6223386 0.5881500
5 0.3288405 0.5117823 0.3315982 0.5430337 0.3420225 0.5421138 0.3392647 0.5108624
5 0.3355220 0.5874982 0.3382798 0.6187496 0.3487040 0.6178297 0.3459462 0.5865782
5 0.3419722 0.6605928 0.3447299 0.6918443 0.3551542 0.6909244 0.3523964 0.6596730
5 0.3617964 0.7661946 0.3590386 0.7349432 0.3486143 0.7358631 0.3513721 0.7671145
3 0.7023084 0.7184136 0.6965438 0.6530870 0.6666890 0.6557215 0.6724538 0.7210481
3 0.6527673 0.4979587 0.6585320 0.5632852 0.6883868 0.5606507 0.6826221 0.4953241
3 0.6596782 0.5762745 0.6654429 0.6416011 0.6952977 0.6389666 0.6895329 0.5736400
3 0.6457565 0.4185117 0.6515213 0.4838382 0.6813760 0.4812037 0.6756113 0.4158772
3 0.6386382 0.3378463 0.6444030 0.4031730 0.6742578 0.4005385 0.6684930 0.3352118
2 0.6047800 0.4050335 0.6281167 0.6694893 0.6609693 0.6665902 0.6376325 0.4021345
2 0.3523080 0.4639922 0.3756448 0.7284479 0.4084974 0.7255488 0.3851606 0.4610931
2 0.4463444 0.8032054 0.6121407 0.7644877 0.6002126 0.7134094 0.4344163 0.7521271
2 0.4125961 0.4207633 0.5783923 0.3820455 0.5664642 0.3309672 0.4006680 0.3696849
5 0.3705260 0.4327735 0.3908533 0.4280266 0.3870078 0.4115595 0.3666806 0.4163063
