1 0.4759035 0.6760534 0.4655264 0.6092119 0.4376625 0.6135378 0.4480397 0.6803793
1 0.5624909 0.5622060 0.5728681 0.6290476 0.6007319 0.6247218 0.5903547 0.5578802
1 0.4651918 0.6070567 0.4548147 0.5402151 0.4269508 0.5445410 0.4373279 0.6113825
1 0.5517792 0.4932094 0.5621563 0.5600509 0.5900201 0.5557250 0.5796430 0.4888836
1 0.4542817 0.5367823 0.4439045 0.4699408 0.4160406 0.4742668 0.4264179 0.5411083
1 0.5408691 0.4229351 0.5512462 0.4897767 0.5791100 0.4854508 0.5687329 0.4186093
1 0.4055273 0.4065478 0.4159045 0.4733894 0.4437684 0.4690635 0.4333912 0.4022220
1 0.5303558 0.3552162 0.5407329 0.4220577 0.5685967 0.4177319 0.5582196 0.3508903
4 0.3404136 0.4586517 0.3334951 0.4140887 0.3080140 0.4180446 0.3149325 0.4626077
4 0.3328360 0.4098430 0.3259176 0.3652801 0.3004364 0.3692361 0.3073549 0.4137990
0 0.4470113 0.3897870 0.4876431 0.6515046 0.5684364 0.6389614 0.5278046 0.3772438
5 0.3237270 0.4893052 0.3285936 0.5206519 0.3390394 0.5190302 0.3341728 0.4876835
5 0.3505462 0.5931480 0.3456797 0.5618013 0.3352338 0.5634229 0.3401003 0.5947697
5 0.3463423 0.6349750 0.3512089 0.6663218 0.3616547 0.6647000 0.3567881 0.6333533
5 0.3577813 0.7086565 0.3626479 0.7400032 0.3730938 0.7383815 0.3682273 0.7070348
3 0.6683815 0.5730654 0.6786781 0.6393883 0.7086130 0.6347409 0.6983164 0.5684181
3 0.6444057 0.4186324 0.6547023 0.4849553 0.6846372 0.4803079 0.6743405 0.4139851
3 0.6563076 0.4952953 0.6666043 0.5616181 0.6965392 0.5569707 0.6862425 0.4906479
3 0.6725633 0.4025376 0.6622667 0.3362148 0.6323318 0.3408622 0.6426284 0.4071850
3 0.6603044 0.3235748 0.6500077 0.2572520 0.6200728 0.2618994 0.6303695 0.3282223
2 0.5907062 0.3342562 0.6312810 0.5956067 0.6642563 0.5904872 0.6236816 0.3291368
2 0.4172033 0.6920799 0.3766285 0.4307295 0.3436531 0.4358490 0.3842279 0.6971993
2 0.6058965 0.6446811 0.4405625 0.7126694 0.4598943 0.7596804 0.6252282 0.6916921
2 0.4017732 0.3853102 0.5671073 0.3173218 0.5477754 0.2703108 0.3824414 0.3382992
5 0.3602409 0.4044057 0.3813028 0.3957447 0.3751452 0.3807706 0.3540833 0.3894315
