1 0.4311590 0.5185671 0.4370675 0.5838010 0.4641777 0.5813455 0.4582692 0.5161116
1 0.5556176 0.4887382 0.5615261 0.5539721 0.5886363 0.5515167 0.5827277 0.4862828
1 0.4249311 0.4498062 0.4308396 0.5150400 0.4579498 0.5125846 0.4520412 0.4473507
1 0.5493897 0.4199772 0.5552981 0.4852111 0.5824083 0.4827556 0.5764998 0.4175217
1 0.4516065 0.4425504 0.4456980 0.3773165 0.4185878 0.3797719 0.4244963 0.4450058
1 0.5430463 0.3499430 0.5489548 0.4151769 0.5760650 0.4127215 0.5701565 0.3474876
1 0.4454938 0.3750628 0.4395854 0.3098289 0.4124752 0.3122844 0.4183837 0.3775182
1 0.5699524 0.3452340 0.5640439 0.2800001 0.5369337 0.2824556 0.5428422 0.3476894
4 0.3456187 0.3476327 0.3417495 0.3049136 0.3169526 0.3071596 0.3208218 0.3498787
4 0.3412130 0.2989908 0.3373437 0.2562717 0.3125468 0.2585176 0.3164161 0.3012368
0 0.5558671 0.5545230 0.5328653 0.3005680 0.4542729 0.3076864 0.4772747 0.5616415
5 0.3277587 0.3775467 0.3305260 0.4080995 0.3407035 0.4071777 0.3379362 0.3766249
5 0.3473938 0.4810423 0.3446265 0.4504894 0.3344489 0.4514112 0.3372162 0.4819641
5 0.3409075 0.5227188 0.3436749 0.5532715 0.3538524 0.5523497 0.3510851 0.5217969
5 0.3475584 0.5961486 0.3503257 0.6267014 0.3605033 0.6257795 0.3577359 0.5952267
3 0.6578625 0.5160720 0.6636488 0.5799556 0.6927965 0.5773156 0.6870103 0.5134319
3 0.6439227 0.3621665 0.6497089 0.4260501 0.6788566 0.4234101 0.6730704 0.3595265
3 0.6508426 0.4385675 0.6566288 0.5024511 0.6857766 0.4998111 0.6799904 0.4359274
3 0.6718367 0.3459056 0.6660504 0.2820220 0.6369027 0.2846621 0.6426889 0.3485457
3 0.6297752 0.2059690 0.6355613 0.2698528 0.6647090 0.2672128 0.6589229 0.2033290
2 0.5968758 0.2718288 0.6202509 0.5299056 0.6523244 0.5270005 0.6289493 0.2689237
2 0.3505547 0.3308644 0.3739298 0.5889413 0.4060034 0.5860362 0.3826282 0.3279594
2 0.4431326 0.6615036 0.6050119 0.6227060 0.5930892 0.5729600 0.4312100 0.6117576
2 0.4093402 0.2884124 0.5712194 0.2496147 0.5592968 0.1998686 0.3974175 0.2386664
5 0.3682759 0.3000624 0.3881707 0.2952943 0.3843196 0.2792261 0.3644248 0.2839943
