1 0.4714718 0.6508920 0.4585402 0.5807880 0.4292298 0.5861946 0.4421614 0.6562986
1 0.5586230 0.5229692 0.5715547 0.5930732 0.6008651 0.5876665 0.5879335 0.5175625
1 0.4582785 0.5793692 0.4453468 0.5092653 0.4160364 0.5146720 0.4289681 0.5847760
1 0.5876718 0.5161439 0.5747401 0.4460399 0.5454297 0.4514466 0.5583614 0.5215507
1 0.4025989 0.4418249 0.4155305 0.5119290 0.4448409 0.5065223 0.4319093 0.4364182
1 0.5742341 0.4432969 0.5613024 0.3731928 0.5319921 0.3785996 0.5449237 0.4487036
1 0.3896499 0.3716269 0.4025816 0.4417310 0.4318920 0.4363242 0.4189603 0.3662202
1 0.5612852 0.3730989 0.5483535 0.3029948 0.5190431 0.3084015 0.5319747 0.3785056
4 0.3231523 0.4325786 0.3144833 0.3855826 0.2876806 0.3905268 0.2963496 0.4375226
4 0.3138193 0.3819830 0.3051502 0.3349871 0.2783475 0.3399312 0.2870166 0.3869272
0 0.5678287 0.6072688 0.5171898 0.3327490 0.4321981 0.3484269 0.4828369 0.6229467
5 0.3063115 0.4648159 0.3123725 0.4976732 0.3233570 0.4956470 0.3172959 0.4627896
5 0.3204840 0.5416471 0.3265450 0.5745044 0.3375295 0.5724782 0.3314685 0.5396209
5 0.3341660 0.6158186 0.3402269 0.6486760 0.3512114 0.6466497 0.3451505 0.6137923
5 0.3653006 0.7230286 0.3592395 0.6901713 0.3482550 0.6921976 0.3543161 0.7250549
3 0.6698455 0.5258672 0.6827294 0.5957127 0.7142124 0.5899052 0.7013285 0.5200598
3 0.6403153 0.3657804 0.6531993 0.4356258 0.6846823 0.4298183 0.6717983 0.3599730
3 0.6549745 0.4452499 0.6678584 0.5150953 0.6993415 0.5092878 0.6864575 0.4394424
3 0.6254444 0.2851630 0.6383283 0.3550085 0.6698114 0.3492010 0.6569274 0.2793555
3 0.6103454 0.2033094 0.6232293 0.2731549 0.6547124 0.2673475 0.6418285 0.1975020
2 0.5816067 0.2813364 0.6317793 0.5533280 0.6664693 0.5469290 0.6162966 0.2749374
2 0.3255193 0.4064685 0.3756917 0.6784601 0.4103817 0.6720611 0.3602092 0.4000695
2 0.6064143 0.6069713 0.4339829 0.6912264 0.4570113 0.7383548 0.6294426 0.6540997
2 0.3854255 0.3502789 0.5578568 0.2660238 0.5348284 0.2188953 0.3623971 0.3031505
5 0.3422546 0.3733819 0.3644960 0.3625143 0.3571827 0.3475471 0.3349413 0.3584148
