1 0.4219375 0.5114556 0.4194113 0.5750723 0.4464895 0.5761476 0.4490158 0.5125309
1 0.5476528 0.5246765 0.5451266 0.5882932 0.5722048 0.5893685 0.5747310 0.5257518
1 0.4492485 0.5066707 0.4517747 0.4430540 0.4246964 0.4419787 0.4221702 0.5055954
1 0.5749636 0.5198915 0.5774899 0.4562749 0.5504116 0.4551997 0.5478854 0.5188162
1 0.4275064 0.3712153 0.4249802 0.4348319 0.4520585 0.4359072 0.4545847 0.3722906
1 0.5777737 0.4491281 0.5802999 0.3855115 0.5532216 0.3844362 0.5506954 0.4480528
1 0.4547662 0.3677170 0.4572925 0.3041003 0.4302142 0.3030251 0.4276879 0.3666417
1 0.5804815 0.3809379 0.5830077 0.3173212 0.5559294 0.3162460 0.5534032 0.3798626
4 0.3378196 0.2662207 0.3354687 0.3067877 0.3604182 0.3082336 0.3627690 0.2676666
4 0.3397712 0.2170724 0.3374204 0.2576393 0.3623698 0.2590852 0.3647207 0.2185182
0 0.5400236 0.5737169 0.5499601 0.3234879 0.4714347 0.3203697 0.4614982 0.5705986
5 0.3478944 0.3661744 0.3490852 0.3361877 0.3389431 0.3357850 0.3377523 0.3657717
5 0.3449307 0.4408081 0.3461215 0.4108214 0.3359794 0.4104186 0.3347886 0.4404053
5 0.3420696 0.5128581 0.3432604 0.4828715 0.3331183 0.4824687 0.3319275 0.5124553
5 0.3391235 0.5870525 0.3403142 0.5570657 0.3301720 0.5566630 0.3289813 0.5866497
3 0.6442529 0.5867909 0.6417848 0.6489437 0.6708610 0.6500982 0.6733291 0.5879455
3 0.6504281 0.4312829 0.6479599 0.4934357 0.6770361 0.4945903 0.6795042 0.4324375
3 0.6739707 0.5717868 0.6764387 0.5096340 0.6473626 0.5084794 0.6448945 0.5706321
3 0.6801459 0.4162787 0.6826138 0.3541259 0.6535378 0.3529714 0.6510697 0.4151242
3 0.6833032 0.3367665 0.6857713 0.2746136 0.6566951 0.2734590 0.6542270 0.3356118
2 0.6159692 0.3268328 0.6056917 0.5856490 0.6377439 0.5869218 0.6480213 0.3281056
2 0.3889356 0.5607557 0.3992130 0.3019396 0.3671609 0.3006668 0.3568834 0.5594830
2 0.5775400 0.6165298 0.4169514 0.5996416 0.4115178 0.6513093 0.5721063 0.6681976
2 0.4264873 0.2743334 0.5870758 0.2912217 0.5925095 0.2395539 0.4319209 0.2226656
5 0.4081533 0.2574568 0.3892497 0.2554688 0.3875079 0.2720304 0.4064115 0.2740185
