1 0.4268681 0.6175985 0.4367900 0.6850045 0.4648990 0.6808669 0.4549771 0.6134610
1 0.5912892 0.6315898 0.5813673 0.5641840 0.5532582 0.5683215 0.5631802 0.6357273
1 0.4165849 0.5477387 0.4265069 0.6151445 0.4546160 0.6110069 0.4446939 0.5436010
1 0.5429751 0.4984615 0.5528970 0.5658674 0.5810060 0.5617299 0.5710840 0.4943240
1 0.4061114 0.4765851 0.4160333 0.5439911 0.4441423 0.5398535 0.4342204 0.4724476
1 0.5325015 0.4273080 0.5424234 0.4947140 0.5705324 0.4905764 0.5606104 0.4231705
1 0.4340496 0.4712874 0.4241276 0.4038815 0.3960186 0.4080191 0.4059406 0.4754249
1 0.5224087 0.3587421 0.5323307 0.4261479 0.5604396 0.4220103 0.5505177 0.3546045
4 0.3298178 0.4587555 0.3232100 0.4138643 0.2975043 0.4176481 0.3041122 0.4625393
4 0.3225435 0.4093361 0.3159356 0.3644450 0.2902299 0.3682287 0.2968378 0.4131199
0 0.5584879 0.6446662 0.5196164 0.3805882 0.4381138 0.3925852 0.4769853 0.6566632
5 0.3127907 0.4897060 0.3174460 0.5213321 0.3279851 0.5197808 0.3233298 0.4881547
5 0.3390315 0.5948257 0.3343762 0.5631998 0.3238371 0.5647511 0.3284924 0.5963771
5 0.3345011 0.6371982 0.3391564 0.6688243 0.3496956 0.6672729 0.3450403 0.6356469
5 0.3606769 0.7418763 0.3560216 0.7102503 0.3454825 0.7118016 0.3501378 0.7434276
3 0.6600614 0.5814728 0.6698983 0.6483011 0.7000985 0.6438557 0.6902616 0.5770273
3 0.6770821 0.4874905 0.6672451 0.4206622 0.6370448 0.4251077 0.6468818 0.4919359
3 0.6484706 0.5027295 0.6583076 0.5695578 0.6885079 0.5651124 0.6786709 0.4982842
3 0.6254541 0.3463644 0.6352910 0.4131927 0.6654913 0.4087473 0.6556543 0.3419190
3 0.6136856 0.2664138 0.6235225 0.3332421 0.6537228 0.3287967 0.6438859 0.2619684
2 0.5834916 0.3388546 0.6223997 0.6031805 0.6556642 0.5982840 0.6167561 0.3339581
2 0.4055203 0.6958104 0.3666122 0.4314845 0.3333476 0.4363810 0.3722557 0.7007069
2 0.4480872 0.7652788 0.6151700 0.7001363 0.5964509 0.6521239 0.4293681 0.7172663
2 0.3922916 0.3862248 0.5593743 0.3210824 0.5406552 0.2730699 0.3735724 0.3382123
5 0.3502750 0.4046363 0.3714744 0.3963711 0.3655117 0.3810775 0.3443123 0.3893427
