1 0.4812931 0.6611651 0.4698641 0.5938023 0.4416656 0.5985866 0.4530947 0.6659495
1 0.5671325 0.5421963 0.5785617 0.6095591 0.6067601 0.6047748 0.5953310 0.5374119
1 0.4695262 0.5918117 0.4580972 0.5244488 0.4298987 0.5292330 0.4413278 0.5965959
1 0.5553657 0.4728426 0.5667949 0.5402056 0.5949933 0.5354213 0.5835642 0.4680583
1 0.4179139 0.4585953 0.4293431 0.5259582 0.4575416 0.5211738 0.4461124 0.4538110
1 0.5433810 0.4022049 0.5548101 0.4695678 0.5830086 0.4647835 0.5715795 0.3974206
1 0.4063650 0.3905263 0.4177941 0.4578891 0.4459926 0.4531049 0.4345635 0.3857420
1 0.5714597 0.3967144 0.5600306 0.3293516 0.5318321 0.3341359 0.5432612 0.4014987
4 0.3413402 0.4459657 0.3336821 0.4008293 0.3078983 0.4052039 0.3155564 0.4503403
4 0.3330162 0.3969045 0.3253581 0.3517681 0.2995745 0.3561427 0.3072325 0.4012791
0 0.4478472 0.3708012 0.4927210 0.6352862 0.5744951 0.6214120 0.5296213 0.3569269
5 0.3248122 0.4770684 0.3301776 0.5086923 0.3407391 0.5069004 0.3353737 0.4752765
5 0.3374523 0.5515696 0.3428178 0.5831934 0.3533793 0.5814015 0.3480139 0.5497776
5 0.3496550 0.6234915 0.3550204 0.6551155 0.3655819 0.6533237 0.3602165 0.6216997
5 0.3622208 0.6975541 0.3675863 0.7291781 0.3781478 0.7273861 0.3727823 0.6957622
3 0.6742474 0.5489556 0.6856293 0.6160402 0.7159082 0.6109029 0.7045262 0.5438183
3 0.6479100 0.3937238 0.6592920 0.4608085 0.6895708 0.4556712 0.6781889 0.3885865
3 0.7026451 0.5327305 0.6912631 0.4656458 0.6609843 0.4707831 0.6723663 0.5378678
3 0.6346470 0.3155514 0.6460288 0.3826360 0.6763076 0.3774988 0.6649258 0.3104141
3 0.6211804 0.2361803 0.6325623 0.3032650 0.6628412 0.2981277 0.6514593 0.2310430
2 0.6704979 0.5678656 0.6258387 0.3046459 0.5924605 0.3103090 0.6371197 0.5735288
2 0.4662410 0.7456068 0.6329507 0.6706802 0.6120529 0.6241832 0.4453432 0.6991099
2 0.4023951 0.3693004 0.5691049 0.2943738 0.5482070 0.2478768 0.3814973 0.3228034
5 0.3605878 0.3900135 0.3819417 0.3804162 0.3753183 0.3656790 0.3539644 0.3752764
