1 0.4239213 0.5559173 0.4274944 0.6211988 0.4553254 0.6196755 0.4517523 0.5543940
1 0.5842364 0.6009858 0.5806633 0.5357043 0.5528324 0.5372275 0.5564054 0.6025090
1 0.4200212 0.4846617 0.4235944 0.5499432 0.4514254 0.5484199 0.4478522 0.4831384
1 0.5489323 0.4659719 0.5525054 0.5312535 0.5803363 0.5297301 0.5767632 0.4644486
1 0.4160488 0.4120868 0.4196221 0.4773682 0.4474531 0.4758449 0.4438798 0.4105634
1 0.5449600 0.3933969 0.5485331 0.4586784 0.5763640 0.4571551 0.5727909 0.3918736
1 0.4122211 0.3421507 0.4157941 0.4074323 0.4436251 0.4059090 0.4400521 0.3406274
1 0.5411322 0.3234609 0.5447052 0.3887425 0.5725361 0.3872193 0.5689631 0.3219377
4 0.3420967 0.3694721 0.3397447 0.3265017 0.3142971 0.3278945 0.3166490 0.3708650
4 0.3393377 0.3190656 0.3369858 0.2760950 0.3115382 0.2774879 0.3138901 0.3204584
0 0.5503234 0.5982350 0.5361937 0.3400806 0.4554851 0.3444980 0.4696148 0.6026524
5 0.3228027 0.4002988 0.3244908 0.4311397 0.3349145 0.4305692 0.3332265 0.3997282
5 0.3269923 0.4768432 0.3286803 0.5076841 0.3391040 0.5071136 0.3374161 0.4762726
5 0.3310368 0.5507377 0.3327248 0.5815786 0.3431486 0.5810081 0.3414605 0.5501672
5 0.3352017 0.6268315 0.3368897 0.6576724 0.3473135 0.6571019 0.3456254 0.6262610
3 0.6902879 0.6380160 0.6867772 0.5738736 0.6568931 0.5755093 0.6604039 0.6396517
3 0.6481637 0.4160202 0.6516744 0.4801626 0.6815585 0.4785269 0.6780478 0.4143845
3 0.6437677 0.3357038 0.6472785 0.3998462 0.6771625 0.3982105 0.6736518 0.3340681
3 0.6726990 0.3166625 0.6691883 0.2525203 0.6393043 0.2541559 0.6428151 0.3182982
2 0.6505885 0.5826435 0.6360272 0.3166060 0.6030839 0.3184091 0.6176451 0.5844467
2 0.3479507 0.3553988 0.3625119 0.6214364 0.3954552 0.6196333 0.3808940 0.3535957
2 0.5885406 0.6257739 0.4229382 0.6497833 0.4305744 0.7024533 0.5961767 0.6784439
2 0.4094129 0.3158263 0.5750153 0.2918169 0.5673791 0.2391469 0.4017767 0.2631563
5 0.3844438 0.3042031 0.3647080 0.3070644 0.3671352 0.3238059 0.3868710 0.3209446
