1 0.4342008 0.5978460 0.4436621 0.5306016 0.4156121 0.5266550 0.4061508 0.5938994
1 0.5420992 0.5737932 0.5326378 0.6410376 0.5606877 0.6449842 0.5701491 0.5777398
1 0.4254491 0.4567417 0.4159877 0.5239861 0.4440376 0.5279328 0.4534990 0.4606884
1 0.5705246 0.5750710 0.5799859 0.5078266 0.5519360 0.5038799 0.5424747 0.5711243
1 0.4540566 0.4567250 0.4635181 0.3894805 0.4354681 0.3855339 0.4260067 0.4527783
1 0.5805436 0.5038632 0.5900050 0.4366188 0.5619550 0.4326721 0.5524937 0.4999166
1 0.4637114 0.3881065 0.4731727 0.3208621 0.4451227 0.3169155 0.4356615 0.3841599
1 0.5716097 0.3640538 0.5621484 0.4312982 0.5901983 0.4352448 0.5996596 0.3680004
4 0.3736883 0.3030873 0.3799080 0.2588826 0.3542564 0.2552734 0.3480367 0.2994781
4 0.3806469 0.2536302 0.3868667 0.2094254 0.3612151 0.2058162 0.3549954 0.2500210
0 0.4852808 0.3455933 0.4482000 0.6091356 0.5295317 0.6205791 0.5666124 0.3570367
5 0.3551156 0.3585202 0.3595562 0.3269595 0.3490396 0.3254797 0.3445989 0.3570405
5 0.3384726 0.4005821 0.3340319 0.4321428 0.3445486 0.4336225 0.3489892 0.4020618
5 0.3343474 0.5061250 0.3387880 0.4745643 0.3282714 0.4730846 0.3238308 0.5046453
5 0.3177666 0.5477449 0.3133259 0.5793056 0.3238426 0.5807853 0.3282833 0.5492246
3 0.6548032 0.7336005 0.6641768 0.6669806 0.6340404 0.6627404 0.6246669 0.7293603
3 0.6560580 0.5062558 0.6466845 0.5728757 0.6768208 0.5771159 0.6861943 0.5104960
3 0.6658910 0.6547972 0.6752645 0.5881773 0.6451281 0.5839370 0.6357546 0.6505570
3 0.6879085 0.4983126 0.6972820 0.4316927 0.6671457 0.4274525 0.6577722 0.4940724
3 0.6991663 0.4183009 0.7085398 0.3516809 0.6784035 0.3474407 0.6690301 0.4140607
2 0.6275645 0.6601164 0.6647502 0.3958276 0.6315553 0.3911570 0.5943696 0.6554459
2 0.3772289 0.5668231 0.4144146 0.3025343 0.3812197 0.2978638 0.3440340 0.5621526
2 0.3846139 0.6632879 0.5515552 0.7255023 0.5695833 0.6771272 0.4026420 0.6149129
2 0.4379880 0.2839444 0.6049294 0.3461589 0.6229574 0.2977838 0.4560161 0.2355694
5 0.4295512 0.2651432 0.4084382 0.2572749 0.4026947 0.2726867 0.4238077 0.2805549
