1 0.4354195 0.5721054 0.4459155 0.5066488 0.4187985 0.5023006 0.4083024 0.5677571
1 0.5565664 0.6235416 0.5670626 0.5580851 0.5399455 0.5537367 0.5294493 0.6191933
1 0.4295340 0.4353511 0.4190379 0.5008076 0.4461550 0.5051560 0.4566511 0.4396994
1 0.5673019 0.5565922 0.5777981 0.4911356 0.5506809 0.4867873 0.5401848 0.5522438
1 0.4404683 0.3671620 0.4299722 0.4326186 0.4570892 0.4369668 0.4675854 0.3715103
1 0.5782362 0.4884031 0.5887324 0.4229465 0.5616153 0.4185981 0.5511191 0.4840547
1 0.4676259 0.3712574 0.4781221 0.3058008 0.4510050 0.3014525 0.4405088 0.3669091
1 0.5887730 0.4226936 0.5992690 0.3572370 0.5721520 0.3528887 0.5616558 0.4183453
4 0.3823696 0.2846770 0.3892587 0.2417147 0.3644547 0.2377373 0.3575656 0.2806997
4 0.3899640 0.2373165 0.3968531 0.1943542 0.3720491 0.1903769 0.3651600 0.2333392
0 0.5269786 0.5983846 0.5678327 0.3436080 0.4892229 0.3310027 0.4483688 0.5857794
5 0.3634700 0.3372964 0.3683775 0.3066921 0.3581949 0.3050593 0.3532874 0.3356637
5 0.3519377 0.4092150 0.3568451 0.3786107 0.3466626 0.3769779 0.3417551 0.4075822
5 0.3355295 0.4464068 0.3306220 0.4770111 0.3408045 0.4786439 0.3457120 0.4480397
5 0.3244190 0.5501031 0.3394538 0.5239575 0.3289862 0.5179381 0.3139514 0.5440837
3 0.6270334 0.6437433 0.6166478 0.7085102 0.6458067 0.7131859 0.6561922 0.6484190
3 0.6698356 0.5633352 0.6802212 0.4985682 0.6510624 0.4938925 0.6406768 0.5586595
3 0.6579074 0.6377233 0.6682929 0.5729563 0.6391340 0.5682807 0.6287485 0.6330476
3 0.6819363 0.4878725 0.6923218 0.4231056 0.6631630 0.4184299 0.6527774 0.4831968
3 0.6942225 0.4112527 0.7046080 0.3464859 0.6754491 0.3418102 0.6650636 0.4065771
2 0.6294739 0.3819465 0.5887811 0.6357173 0.6208612 0.6408614 0.6615540 0.3870906
2 0.3810941 0.5390619 0.4217868 0.2852910 0.3897068 0.2801470 0.3490141 0.5339178
2 0.5654970 0.6550161 0.4048584 0.5868126 0.3855976 0.6321772 0.5462363 0.7003807
2 0.6237471 0.2917539 0.4631085 0.2235504 0.4438476 0.2689152 0.6044862 0.3371186
5 0.4372743 0.2507881 0.4167152 0.2420592 0.4105361 0.2566131 0.4310952 0.2653420
