1 0.4357690 0.5219566 0.4483239 0.5928620 0.4775383 0.5876892 0.4649834 0.5167837
1 0.5651276 0.4613546 0.5776824 0.5322601 0.6068969 0.5270872 0.5943421 0.4561817
1 0.4231149 0.4504909 0.4356698 0.5213965 0.4648842 0.5162237 0.4523294 0.4453181
1 0.5524734 0.3898889 0.5650284 0.4607944 0.5942429 0.4556215 0.5816879 0.3847160
1 0.4102265 0.3777019 0.4227814 0.4486075 0.4519958 0.4434346 0.4394410 0.3725291
1 0.5813544 0.3828326 0.5687994 0.3119271 0.5395850 0.3171000 0.5521399 0.3880056
1 0.4395761 0.3732926 0.4270211 0.3023871 0.3978067 0.3075600 0.4103617 0.3784655
1 0.5271652 0.2469580 0.5397201 0.3178635 0.5689346 0.3126906 0.5563797 0.2417851
4 0.3311152 0.3665535 0.3227992 0.3195882 0.2960668 0.3243216 0.3043828 0.3712869
4 0.3221636 0.3159984 0.3138477 0.2690331 0.2871153 0.2737664 0.2954312 0.3207318
0 0.5736682 0.5450000 0.5251249 0.2708459 0.4404659 0.2858361 0.4890091 0.5599902
5 0.3140701 0.3985416 0.3199190 0.4315737 0.3309175 0.4296262 0.3250687 0.3965942
5 0.3445108 0.5063962 0.3386620 0.4733641 0.3276635 0.4753115 0.3335123 0.5083437
5 0.3576336 0.5805086 0.3517847 0.5474765 0.3407862 0.5494239 0.3466350 0.5824561
5 0.3542995 0.6257420 0.3601483 0.6587741 0.3711469 0.6568267 0.3652981 0.6237946
3 0.6758561 0.4661074 0.6882581 0.5361499 0.7197174 0.5305794 0.7073154 0.4605371
3 0.6913942 0.3706203 0.6789921 0.3005780 0.6475328 0.3061484 0.6599349 0.3761906
3 0.6615930 0.3855543 0.6739950 0.4555967 0.7054543 0.4500263 0.6930522 0.3799840
3 0.6771311 0.2900671 0.6647290 0.2200248 0.6332697 0.2255951 0.6456717 0.2956375
3 0.6626492 0.2082789 0.6502471 0.1382365 0.6187878 0.1438069 0.6311899 0.2138492
2 0.5897224 0.2212827 0.6377952 0.4927796 0.6723366 0.4866635 0.6242639 0.2151665
2 0.4163176 0.6066034 0.3682448 0.3351065 0.3337034 0.3412226 0.3817762 0.6127195
2 0.4623338 0.6738206 0.6344543 0.5931855 0.6121919 0.5456651 0.4400714 0.6263003
2 0.3936737 0.2860541 0.5657942 0.2054189 0.5435318 0.1578986 0.3714114 0.2385338
5 0.3505441 0.3082514 0.3728005 0.2978249 0.3656090 0.2824742 0.3433526 0.2929007
