1 0.4444104 0.6845385 0.4447354 0.6200575 0.4167258 0.6199163 0.4164008 0.6843972
1 0.5747874 0.6862780 0.5751125 0.6217970 0.5471029 0.6216558 0.5467778 0.6861368
1 0.4170891 0.5478568 0.4167641 0.6123377 0.4447736 0.6124790 0.4450987 0.5479980
1 0.5474662 0.5495964 0.5471411 0.6140773 0.5751507 0.6142185 0.5754758 0.5497376
1 0.4174591 0.4744630 0.4171340 0.5389440 0.4451436 0.5390851 0.4454687 0.4746042
1 0.5755206 0.5408248 0.5758457 0.4763438 0.5478361 0.4762025 0.5475110 0.5406836
1 0.4455001 0.4683603 0.4458252 0.4038793 0.4178156 0.4037381 0.4174905 0.4682190
1 0.5758772 0.4700999 0.5762023 0.4056188 0.5481927 0.4054776 0.5478676 0.4699587
4 0.3458793 0.4166215 0.3460895 0.3749081 0.3204791 0.3747791 0.3202688 0.4164925
4 0.3461362 0.3656462 0.3463465 0.3239328 0.3207362 0.3238037 0.3205259 0.3655171
0 0.4610294 0.4179862 0.4597436 0.6730450 0.5409722 0.6734545 0.5422580 0.4183956
5 0.3350098 0.4775402 0.3351636 0.4470488 0.3246747 0.4469960 0.3245210 0.4774873
5 0.3346196 0.5549481 0.3347734 0.5244567 0.3242845 0.5244038 0.3241307 0.5548952
5 0.3342429 0.6296762 0.3343967 0.5991849 0.3239079 0.5991321 0.3237540 0.6296234
5 0.3235199 0.6760843 0.3233662 0.7065757 0.3338550 0.7066286 0.3340087 0.6761371
3 0.6491438 0.6773367 0.6488271 0.7401556 0.6789000 0.7403072 0.6792166 0.6774883
3 0.6797131 0.5790188 0.6800297 0.5161999 0.6499569 0.5160483 0.6496402 0.5788672
3 0.6793095 0.6590847 0.6796262 0.5962659 0.6495532 0.5961143 0.6492366 0.6589332
3 0.6503663 0.4348258 0.6500496 0.4976448 0.6801225 0.4977964 0.6804391 0.4349774
3 0.6805382 0.4153284 0.6808549 0.3525095 0.6507820 0.3523579 0.6504654 0.4151769
2 0.6106084 0.4111322 0.6092623 0.6781732 0.6424184 0.6783403 0.6437645 0.4112993
2 0.3843836 0.6748974 0.3857298 0.4078564 0.3525738 0.4076893 0.3512276 0.6747303
2 0.5786222 0.7143652 0.4143252 0.7121730 0.4136054 0.7661227 0.5779024 0.7683148
2 0.4155764 0.3751341 0.5798733 0.3773263 0.5805931 0.3233765 0.4162963 0.3211843
5 0.3735054 0.3766069 0.3922271 0.3768567 0.3924571 0.3596184 0.3737353 0.3593687
