1 0.4469723 0.6106179 0.4503169 0.5447528 0.4222987 0.5433301 0.4189541 0.6091952
1 0.5521620 0.5607963 0.5488173 0.6266613 0.5768355 0.6280841 0.5801802 0.5622190
1 0.4506171 0.5388407 0.4539618 0.4729755 0.4259436 0.4715527 0.4225989 0.5374179
1 0.5804804 0.5563068 0.5838250 0.4904417 0.5558069 0.4890190 0.5524622 0.5548840
1 0.4543294 0.4657343 0.4576741 0.3998693 0.4296559 0.3984465 0.4263113 0.4643115
1 0.5841928 0.4832004 0.5875374 0.4173353 0.5595192 0.4159125 0.5561746 0.4817776
1 0.4579068 0.3952864 0.4612514 0.3294213 0.4332332 0.3279986 0.4298886 0.3938636
1 0.5630966 0.3454646 0.5597519 0.4113297 0.5877701 0.4127524 0.5911148 0.3468874
4 0.3609942 0.3312271 0.3631578 0.2886202 0.3375385 0.2873192 0.3353749 0.3299261
4 0.3635726 0.2804513 0.3657362 0.2378444 0.3401168 0.2365435 0.3379533 0.2791504
0 0.5437275 0.6110227 0.5569159 0.3513067 0.4756658 0.3471808 0.4624774 0.6068968
5 0.3384679 0.3591222 0.3368899 0.3901977 0.3473850 0.3907306 0.3489631 0.3596551
5 0.3345526 0.4362268 0.3329745 0.4673024 0.3434696 0.4678354 0.3450477 0.4367598
5 0.3307727 0.5106624 0.3291947 0.5417380 0.3396898 0.5422710 0.3412678 0.5111954
5 0.3268804 0.5873133 0.3253023 0.6183888 0.3357975 0.6189218 0.3373756 0.5878463
3 0.6781635 0.6940769 0.6814421 0.6295126 0.6513551 0.6279848 0.6480765 0.6925490
3 0.6863217 0.5334201 0.6896002 0.4688559 0.6595133 0.4673280 0.6562347 0.5318923
3 0.6822718 0.6131725 0.6855505 0.5486082 0.6554634 0.5470804 0.6521848 0.6116446
3 0.6636217 0.3864236 0.6603431 0.4509879 0.6904300 0.4525157 0.6937086 0.3879515
3 0.6946014 0.3703708 0.6978799 0.3058065 0.6677929 0.3042787 0.6645144 0.3688430
2 0.6446324 0.6277452 0.6582327 0.3599175 0.6250687 0.3582335 0.6114684 0.6260611
2 0.3680508 0.3236655 0.3544506 0.5914930 0.3876146 0.5931771 0.4012148 0.3253496
2 0.4091168 0.6874866 0.5756978 0.7098912 0.5828463 0.6567411 0.4162653 0.6343367
2 0.4288935 0.2980292 0.5954745 0.3204337 0.6026230 0.2672837 0.4360420 0.2448792
5 0.4112179 0.2802435 0.3914238 0.2775811 0.3891423 0.2945440 0.4089364 0.2972063
