1 0.4507971 0.6717806 0.4541684 0.6075367 0.4269899 0.6061103 0.4236185 0.6703543
1 0.5767170 0.6892760 0.5800883 0.6250319 0.5529097 0.6236057 0.5495384 0.6878497
1 0.4544488 0.6021929 0.4578202 0.5379489 0.4306416 0.5365226 0.4272703 0.6007667
1 0.5565615 0.5540181 0.5531901 0.6182621 0.5803687 0.6196883 0.5837401 0.5554444
1 0.4581682 0.5313168 0.4615396 0.4670727 0.4343610 0.4656465 0.4309897 0.5298905
1 0.5840880 0.5488122 0.5874594 0.4845682 0.5602809 0.4831419 0.5569096 0.5473859
1 0.4617524 0.4630179 0.4651237 0.3987739 0.4379451 0.3973477 0.4345737 0.4615917
1 0.5876722 0.4805133 0.5910435 0.4162694 0.5638649 0.4148431 0.5604936 0.4790871
4 0.3678405 0.4011808 0.3700143 0.3597563 0.3451607 0.3584521 0.3429869 0.3998766
4 0.3704238 0.3519541 0.3725976 0.3105296 0.3477440 0.3092253 0.3455702 0.3506498
0 0.5446244 0.6727871 0.5578594 0.4205821 0.4790504 0.4164464 0.4658155 0.6686515
5 0.3545460 0.4586726 0.3561323 0.4284450 0.3459457 0.4279105 0.3443595 0.4581380
5 0.3506232 0.5334252 0.3522094 0.5031977 0.3420229 0.5026631 0.3404366 0.5328906
5 0.3468362 0.6055900 0.3484225 0.5753624 0.3382359 0.5748279 0.3366496 0.6050555
5 0.3343362 0.6491404 0.3327500 0.6793680 0.3429365 0.6799026 0.3445228 0.6496750
3 0.6748595 0.7542443 0.6781567 0.6914136 0.6489617 0.6898816 0.6456645 0.7527122
3 0.6571354 0.5341258 0.6538382 0.5969565 0.6830330 0.5984886 0.6863302 0.5356579
3 0.6789756 0.6758080 0.6822727 0.6129773 0.6530778 0.6114452 0.6497807 0.6742760
3 0.6612514 0.4556895 0.6579543 0.5185202 0.6871492 0.5200523 0.6904463 0.4572216
3 0.6913283 0.4404132 0.6946256 0.3775826 0.6654307 0.3760505 0.6621335 0.4388812
2 0.6239085 0.4282469 0.6102791 0.6879689 0.6424452 0.6896568 0.6560746 0.4299349
2 0.3746952 0.3936211 0.3610658 0.6533430 0.3932319 0.6550310 0.4068614 0.3953091
2 0.4336290 0.3689950 0.5952510 0.3914508 0.6024051 0.3399600 0.4407831 0.3175043
5 0.4166865 0.3518499 0.3974399 0.3491758 0.3951443 0.3656979 0.4143909 0.3683720
