1 0.4424320 0.5363786 0.4512099 0.6015254 0.4781094 0.5979010 0.4693316 0.5327542
1 0.5639812 0.4930362 0.5727592 0.5581830 0.5996587 0.5545585 0.5908808 0.4894117
1 0.4690607 0.5307443 0.4602828 0.4655975 0.4333832 0.4692219 0.4421611 0.5343688
1 0.5549325 0.4258794 0.5637105 0.4910262 0.5906100 0.4874017 0.5818321 0.4222549
1 0.4598443 0.4623441 0.4510664 0.3971972 0.4241668 0.4008217 0.4329448 0.4659685
1 0.5457161 0.3574792 0.5544940 0.4226260 0.5813936 0.4190015 0.5726156 0.3538547
1 0.4152856 0.3349088 0.4240636 0.4000555 0.4509632 0.3964310 0.4421853 0.3312843
1 0.5368349 0.2915661 0.5456128 0.3567129 0.5725124 0.3530885 0.5637345 0.2879417
4 0.3512135 0.3801652 0.3454251 0.3372061 0.3208174 0.3405218 0.3266058 0.3834808
4 0.3448124 0.3326581 0.3390239 0.2896989 0.3144163 0.2930146 0.3202046 0.3359737
0 0.4558666 0.3222245 0.4899512 0.5751880 0.5679219 0.5646822 0.5338373 0.3117186
5 0.3443033 0.4819300 0.3484050 0.5123713 0.3585137 0.5110093 0.3544120 0.4805680
5 0.3536873 0.5515739 0.3577890 0.5820152 0.3678976 0.5806532 0.3637959 0.5502118
5 0.3775608 0.6523698 0.3734591 0.6219285 0.3633505 0.6232905 0.3674521 0.6537318
3 0.6659900 0.5083863 0.6746312 0.5725190 0.7035687 0.5686200 0.6949275 0.5044873
3 0.6457363 0.3580717 0.6543776 0.4222044 0.6833151 0.4183053 0.6746738 0.3541726
3 0.6933693 0.4929236 0.6847280 0.4287910 0.6557906 0.4326901 0.6644319 0.4968227
3 0.6355369 0.2823754 0.6441783 0.3465081 0.6731157 0.3426090 0.6644744 0.2784764
3 0.6251812 0.2055184 0.6338226 0.2696510 0.6627600 0.2657519 0.6541186 0.2016193
2 0.5955050 0.2741532 0.6296824 0.5278052 0.6614997 0.5235181 0.6273223 0.2698660
2 0.3549418 0.3599342 0.3891192 0.6135862 0.4209364 0.6092991 0.3867590 0.3556471
2 0.4608730 0.6776115 0.6210396 0.6204987 0.6043673 0.5737430 0.4442007 0.6308559
2 0.4117751 0.3132247 0.5719416 0.2561119 0.5552693 0.2093562 0.3951028 0.2664691
5 0.3714254 0.3294243 0.3916814 0.3222014 0.3863027 0.3071173 0.3660468 0.3143402
