1 0.4264352 0.5811893 0.4326386 0.6472748 0.4605935 0.6446507 0.4543901 0.5785651
1 0.5547217 0.5492887 0.5609252 0.6153742 0.5888801 0.6127501 0.5826766 0.5466645
1 0.4539369 0.5737382 0.4477334 0.5076526 0.4197785 0.5102768 0.4259820 0.5763624
1 0.5480651 0.4783762 0.5542687 0.5444617 0.5822235 0.5418376 0.5760200 0.4757521
1 0.4471571 0.5015126 0.4409535 0.4354271 0.4129986 0.4380512 0.4192022 0.5041368
1 0.5754437 0.4696121 0.5692402 0.4035265 0.5412853 0.4061506 0.5474888 0.4722362
1 0.4064654 0.3684521 0.4126689 0.4345376 0.4406238 0.4319135 0.4344203 0.3658279
1 0.5689104 0.4000129 0.5627069 0.3339273 0.5347520 0.3365514 0.5409555 0.4026370
4 0.3375979 0.4057466 0.3334774 0.3618509 0.3079179 0.3642501 0.3120384 0.4081460
4 0.3294198 0.3514289 0.3252992 0.3075332 0.2997397 0.3099325 0.3038603 0.3538283
0 0.5551575 0.6169046 0.5306133 0.3554361 0.4495408 0.3630464 0.4740850 0.6245149
5 0.3327148 0.4670126 0.3297864 0.4358152 0.3193205 0.4367976 0.3222490 0.4679951
5 0.3398655 0.5431883 0.3369370 0.5119908 0.3264711 0.5129733 0.3293997 0.5441709
5 0.3467686 0.6167271 0.3438401 0.5855296 0.3333743 0.5865121 0.3363028 0.6177095
5 0.3538772 0.6924545 0.3509487 0.6612570 0.3404829 0.6622394 0.3434114 0.6934370
3 0.6964777 0.6393596 0.6903413 0.5739893 0.6603310 0.5768064 0.6664674 0.6421766
3 0.6454318 0.4180853 0.6515682 0.4834555 0.6815785 0.4806384 0.6754420 0.4152682
3 0.6889747 0.5594299 0.6828383 0.4940596 0.6528280 0.4968767 0.6589644 0.5622470
3 0.6740754 0.4007088 0.6679390 0.3353386 0.6379287 0.3381557 0.6440651 0.4035259
3 0.6303107 0.2570004 0.6364471 0.3223706 0.6664574 0.3195536 0.6603209 0.2541832
2 0.6546213 0.5880905 0.6296250 0.3218064 0.5965321 0.3249129 0.6215283 0.5911970
2 0.3426347 0.3880487 0.3676309 0.6543328 0.4007238 0.6512263 0.3757276 0.3849422
2 0.4392989 0.7286201 0.6063476 0.6870806 0.5936228 0.6359085 0.4265741 0.6774480
2 0.5575047 0.2511433 0.3904561 0.2926827 0.4031808 0.3438548 0.5702295 0.3023154
5 0.3773005 0.3349748 0.3568054 0.3400712 0.3608300 0.3562558 0.3813251 0.3511595
