1 0.4083448 0.5479766 0.4016783 0.6170253 0.4308022 0.6198370 0.4374686 0.5507884
1 0.5418773 0.5821279 0.5352108 0.6511766 0.5643347 0.6539884 0.5710011 0.5849397
1 0.4154711 0.4741648 0.4088047 0.5432135 0.4379286 0.5460253 0.4445950 0.4769767
1 0.5714611 0.5801767 0.5781274 0.5111281 0.5490036 0.5083163 0.5423372 0.5773649
1 0.4451868 0.4708470 0.4518532 0.4017984 0.4227293 0.3989865 0.4160629 0.4680351
1 0.5787193 0.5049983 0.5853857 0.4359496 0.5562619 0.4331378 0.5495955 0.5021864
1 0.4521812 0.3984022 0.4588475 0.3293535 0.4297237 0.3265417 0.4230573 0.3955904
1 0.5857136 0.4325536 0.5923800 0.3635049 0.5632562 0.3606932 0.5565898 0.4297417
4 0.3548582 0.3207290 0.3592234 0.2755157 0.3325939 0.2729447 0.3282287 0.3181580
4 0.3598994 0.2685142 0.3642647 0.2233009 0.3376352 0.2207298 0.3332699 0.2659431
0 0.4727255 0.3516391 0.4464070 0.6242355 0.5308657 0.6323898 0.5571842 0.3597934
5 0.3380054 0.3805095 0.3411489 0.3479507 0.3302417 0.3468976 0.3270982 0.3794564
5 0.3303502 0.4597997 0.3334936 0.4272408 0.3225864 0.4261878 0.3194429 0.4587467
5 0.3151962 0.5027330 0.3120527 0.5352919 0.3229599 0.5363450 0.3261034 0.5037861
5 0.3075860 0.5815564 0.3044425 0.6141154 0.3153498 0.6151685 0.3184932 0.5826095
3 0.6660406 0.7351808 0.6726293 0.6669382 0.6413583 0.6639190 0.6347696 0.7321616
3 0.6573088 0.4987087 0.6507202 0.5669513 0.6819912 0.5699705 0.6885799 0.5017278
3 0.6648275 0.6744437 0.6714161 0.6062012 0.6401450 0.6031820 0.6335564 0.6714246
3 0.6653414 0.4155113 0.6587527 0.4837538 0.6900238 0.4867730 0.6966124 0.4185304
3 0.6981794 0.4022998 0.7047680 0.3340572 0.6734970 0.3310380 0.6669083 0.3992806
2 0.6267619 0.3816748 0.5999914 0.6589532 0.6344657 0.6622816 0.6612362 0.3850031
2 0.3701858 0.5946912 0.3969562 0.3174127 0.3624821 0.3140844 0.3357117 0.5913628
2 0.3847651 0.6944332 0.5587935 0.7389414 0.5723882 0.6857860 0.3983597 0.6412777
2 0.4234318 0.2939371 0.5974603 0.3384455 0.6110550 0.2852899 0.4370265 0.2407817
5 0.3845885 0.2859514 0.4059902 0.2914249 0.4103006 0.2745709 0.3888989 0.2690973
