1 0.4251439 0.6233106 0.4227059 0.6863565 0.4494920 0.6873924 0.4519299 0.6243464
1 0.5738591 0.7001252 0.5762970 0.6370792 0.5495110 0.6360434 0.5470731 0.6990894
1 0.4521496 0.6186664 0.4545875 0.5556204 0.4278015 0.5545846 0.4253635 0.6176306
1 0.5521685 0.5673175 0.5497306 0.6303635 0.5765167 0.6313993 0.5789546 0.5683533
1 0.4548564 0.5486678 0.4572943 0.4856219 0.4305082 0.4845862 0.4280703 0.5476321
1 0.5792234 0.5614008 0.5816613 0.4983549 0.5548753 0.4973190 0.5524373 0.5603650
1 0.4331165 0.4171332 0.4306786 0.4801790 0.4574646 0.4812148 0.4599026 0.4181689
1 0.5818318 0.4939477 0.5842697 0.4309018 0.5574836 0.4298660 0.5550456 0.4929119
4 0.3416508 0.3820526 0.3393673 0.4221807 0.3640489 0.4235851 0.3663324 0.3834571
4 0.3435308 0.3334354 0.3412473 0.3735634 0.3659288 0.3749679 0.3682123 0.3348399
0 0.5419993 0.6850207 0.5515698 0.4375228 0.4738950 0.4345192 0.4643246 0.6820171
5 0.3517227 0.4807389 0.3528702 0.4510645 0.3428344 0.4506764 0.3416870 0.4803509
5 0.3488680 0.5545658 0.3500154 0.5248914 0.3399797 0.5245033 0.3388322 0.5541778
5 0.3461120 0.6258371 0.3472594 0.5961626 0.3372237 0.5957745 0.3360762 0.6254489
5 0.3432739 0.6992294 0.3444214 0.6695549 0.3343857 0.6691669 0.3332382 0.6988413
3 0.6714837 0.7606420 0.6738624 0.6991282 0.6450951 0.6980158 0.6427164 0.7595296
3 0.6774319 0.6068150 0.6798107 0.5453013 0.6510434 0.5441889 0.6486647 0.6057026
3 0.6744792 0.6831770 0.6768578 0.6216632 0.6480906 0.6205509 0.6457120 0.6820647
3 0.6804275 0.5293500 0.6828061 0.4678363 0.6540388 0.4667239 0.6516602 0.5282376
3 0.6570802 0.3880711 0.6547016 0.4495848 0.6834689 0.4506972 0.6858476 0.3891834
2 0.6168528 0.4409698 0.6069545 0.6969481 0.6386586 0.6981740 0.6485569 0.4421958
2 0.3925186 0.6729739 0.4024169 0.4169956 0.3707127 0.4157696 0.3608144 0.6717479
2 0.4150252 0.7624775 0.5738274 0.7787359 0.5790619 0.7276084 0.4202597 0.7113501
2 0.4294448 0.3895765 0.5882470 0.4058349 0.5934815 0.3547074 0.4346794 0.3384490
5 0.3908291 0.3876666 0.4095109 0.3895789 0.4111928 0.3731480 0.3925110 0.3712357
