1 0.4036171 0.4970888 0.3913768 0.5646839 0.4193650 0.5697521 0.4316053 0.5021571
1 0.5273196 0.5563907 0.5150793 0.6239858 0.5430676 0.6290540 0.5553079 0.5614589
1 0.4317436 0.5013935 0.4439839 0.4337986 0.4159957 0.4287303 0.4037553 0.4963253
1 0.5396982 0.4880320 0.5274578 0.5556272 0.5554462 0.5606954 0.5676865 0.4931003
1 0.4443514 0.4317691 0.4565918 0.3641740 0.4286035 0.3591058 0.4163631 0.4267009
1 0.5680540 0.4910710 0.5802943 0.4234759 0.5523059 0.4184077 0.5400656 0.4860029
1 0.4565007 0.3646764 0.4687412 0.2970815 0.4407528 0.2920133 0.4285124 0.3596082
1 0.5802033 0.4239784 0.5924437 0.3563834 0.5644554 0.3513151 0.5522149 0.4189101
4 0.3704395 0.2710706 0.3784908 0.2266089 0.3528859 0.2219722 0.3448346 0.2664340
4 0.3791962 0.2227133 0.3872475 0.1782514 0.3616426 0.1736149 0.3535913 0.2180766
0 0.5131106 0.6015762 0.5606360 0.3391256 0.4795131 0.3244356 0.4319877 0.5868862
5 0.3451400 0.2907893 0.3394265 0.3223410 0.3499478 0.3242462 0.3556612 0.2926945
5 0.3318426 0.3642216 0.3261292 0.3957733 0.3366504 0.3976785 0.3423638 0.3661268
5 0.3190056 0.4351119 0.3132921 0.4666635 0.3238133 0.4685687 0.3295268 0.4370171
5 0.3105942 0.5415689 0.3163077 0.5100172 0.3057865 0.5081120 0.3000730 0.5396637
3 0.6331792 0.7259925 0.6453073 0.6590176 0.6151933 0.6535643 0.6030652 0.7205393
3 0.6608858 0.5729877 0.6730139 0.5060127 0.6428999 0.5005595 0.6307718 0.5675346
3 0.6471318 0.6489415 0.6592599 0.5819665 0.6291459 0.5765134 0.6170179 0.6434883
3 0.6748384 0.4959368 0.6869665 0.4289617 0.6568525 0.4235086 0.6447245 0.4904836
3 0.6890050 0.4177043 0.7011331 0.3507292 0.6710191 0.3452761 0.6588911 0.4122512
2 0.6089373 0.6501257 0.6559894 0.3902882 0.6228867 0.3842939 0.5758346 0.6441314
2 0.3780619 0.2669271 0.3310097 0.5267645 0.3641123 0.5327589 0.4111645 0.2729214
2 0.5524675 0.6623219 0.3877347 0.5833504 0.3660505 0.6285831 0.5307833 0.7075546
2 0.6196328 0.2914137 0.4548999 0.2124423 0.4332157 0.2576751 0.5979486 0.3366465
5 0.4279432 0.2391939 0.4066444 0.2289833 0.3996799 0.2435110 0.4209787 0.2537216
