1 0.4387460 0.6779068 0.4458283 0.6124878 0.4187174 0.6095528 0.4116352 0.6749717
1 0.5424657 0.6450020 0.5353836 0.7104208 0.5624943 0.7133559 0.5695765 0.6479369
1 0.4461479 0.6095348 0.4532301 0.5441158 0.4261194 0.5411808 0.4190372 0.6065998
1 0.5698962 0.6449839 0.5769784 0.5795650 0.5498677 0.5766300 0.5427855 0.6420489
1 0.4536869 0.5398968 0.4607691 0.4744779 0.4336583 0.4715429 0.4265761 0.5369619
1 0.5574066 0.5069920 0.5503244 0.5724109 0.5774352 0.5753459 0.5845174 0.5099270
1 0.4609518 0.4727911 0.4680339 0.4073722 0.4409230 0.4044372 0.4338409 0.4698561
4 0.3713016 0.3983337 0.3758956 0.3558981 0.3510956 0.3532133 0.3465016 0.3956488
4 0.3765377 0.3499669 0.3811317 0.3075314 0.3563318 0.3048466 0.3517378 0.3472821
0 0.5316094 0.6924156 0.5591637 0.4378932 0.4805776 0.4293855 0.4530233 0.6839079
5 0.3481365 0.4215689 0.3448235 0.4521714 0.3550088 0.4532741 0.3583218 0.4226715
5 0.3470575 0.5267207 0.3503705 0.4961181 0.3401852 0.4950155 0.3368722 0.5256181
5 0.3325092 0.5659196 0.3291962 0.5965222 0.3393815 0.5976249 0.3426945 0.5670223
5 0.3314770 0.6706392 0.3347900 0.6400366 0.3246047 0.6389339 0.3212917 0.6695365
3 0.6561543 0.7919685 0.6631066 0.7277493 0.6339464 0.7245924 0.6269941 0.7888116
3 0.6727217 0.6389338 0.6796740 0.5747147 0.6505138 0.5715579 0.6435615 0.6357769
3 0.6422895 0.6475265 0.6353372 0.7117456 0.6644974 0.7149025 0.6714497 0.6506834
3 0.6588569 0.4944918 0.6519046 0.5587109 0.6810648 0.5618678 0.6880171 0.4976487
3 0.6673281 0.4162440 0.6603758 0.4804631 0.6895360 0.4836200 0.6964882 0.4194008
2 0.6233579 0.4622723 0.5955058 0.7195449 0.6275749 0.7230167 0.6554269 0.4657441
2 0.3826594 0.6528579 0.4105115 0.3955853 0.3784424 0.3921135 0.3505904 0.6493861
2 0.5702984 0.7433912 0.4084478 0.6970271 0.3944743 0.7458065 0.5563250 0.7921705
2 0.4346364 0.3748260 0.5964870 0.4211900 0.6104605 0.3724106 0.4486099 0.3260465
5 0.4236306 0.3567989 0.4034898 0.3510293 0.3989813 0.3667678 0.4191220 0.3725374
