1 0.4380742 0.6438078 0.4494202 0.7133917 0.4782935 0.7086837 0.4669475 0.6390998
1 0.5668954 0.5881883 0.5782415 0.6577722 0.6071149 0.6530643 0.5957687 0.5834804
1 0.4666848 0.6374889 0.4553388 0.5679049 0.4264656 0.5726129 0.4378116 0.6421968
1 0.5955061 0.5818694 0.5841601 0.5122855 0.5552868 0.5169935 0.5666329 0.5865774
1 0.4396579 0.5712089 0.4593663 0.5022460 0.4301483 0.4938960 0.4104399 0.5628589
1 0.5434633 0.4444803 0.5548093 0.5140642 0.5836825 0.5093563 0.5723365 0.4397724
1 0.4032483 0.4302234 0.4145943 0.4998074 0.4434676 0.4950995 0.4321217 0.4255155
1 0.5722888 0.4394801 0.5609428 0.3698961 0.5320696 0.3746040 0.5434155 0.4441879
4 0.3363963 0.4863771 0.3288508 0.4401013 0.3024402 0.4444078 0.3099857 0.4906834
4 0.3281843 0.4360133 0.3206388 0.3897377 0.2942281 0.3940441 0.3017736 0.4403197
0 0.4459800 0.4115495 0.4901953 0.6827177 0.5738954 0.6690700 0.5296801 0.3979018
5 0.3192698 0.5179793 0.3245775 0.5505307 0.3354202 0.5487627 0.3301125 0.5162114
5 0.3317401 0.5944585 0.3370477 0.6270097 0.3478904 0.6252418 0.3425828 0.5926905
5 0.3437787 0.6682900 0.3490863 0.7008413 0.3599290 0.6990734 0.3546214 0.6665220
5 0.3561755 0.7443189 0.3614831 0.7768703 0.3723258 0.7751023 0.3670182 0.7425510
3 0.7188887 0.6613773 0.7076500 0.5924514 0.6766015 0.5975140 0.6878402 0.6664399
3 0.6929055 0.5020241 0.6816668 0.4330983 0.6506183 0.4381609 0.6618571 0.5070867
3 0.6635168 0.5172661 0.6747554 0.5861920 0.7058039 0.5811294 0.6945652 0.5122035
3 0.6798207 0.4217762 0.6685820 0.3528504 0.6375335 0.3579131 0.6487722 0.4268389
3 0.6242481 0.2764345 0.6354867 0.3453605 0.6665353 0.3402979 0.6552966 0.2713720
2 0.5944319 0.3519803 0.6384506 0.6219431 0.6726078 0.6163737 0.6285890 0.3464109
2 0.3394763 0.4620593 0.3834949 0.7320219 0.4176520 0.7264525 0.3736334 0.4564897
2 0.4623490 0.7952045 0.6332670 0.7214094 0.6125015 0.6733140 0.4415835 0.7471091
2 0.3993615 0.4089073 0.5702795 0.3351123 0.5495139 0.2870167 0.3785959 0.3608118
5 0.3564607 0.4296203 0.3783578 0.4201661 0.3717085 0.4047655 0.3498114 0.4142197
