1 0.4301768 0.6920146 0.4383832 0.6252820 0.4107768 0.6218872 0.4025704 0.6886197
1 0.5555204 0.7328093 0.5637267 0.6660768 0.5361203 0.6626819 0.5279140 0.7294145
1 0.4386934 0.6227591 0.4468998 0.5560266 0.4192933 0.5526317 0.4110870 0.6193643
1 0.5446369 0.5934265 0.5364305 0.6601591 0.5640370 0.6635540 0.5722433 0.5968214
1 0.4473677 0.5522213 0.4555740 0.4854887 0.4279676 0.4820939 0.4197613 0.5488265
1 0.5727112 0.5930161 0.5809175 0.5262836 0.5533111 0.5228888 0.5451048 0.5896212
1 0.4557265 0.4842486 0.4639328 0.4175159 0.4363264 0.4141212 0.4281201 0.4808537
1 0.5810700 0.5250434 0.5892763 0.4583108 0.5616699 0.4549159 0.5534636 0.5216485
4 0.3656184 0.4051359 0.3709570 0.3617232 0.3457042 0.3586178 0.3403656 0.4020305
4 0.3716430 0.3561442 0.3769816 0.3127317 0.3517289 0.3096262 0.3463903 0.3530388
0 0.4762977 0.4409977 0.4443873 0.7004888 0.5244119 0.7103297 0.5563223 0.4508386
5 0.3482553 0.4603811 0.3520917 0.4291833 0.3417220 0.4279081 0.3378855 0.4591059
5 0.3391066 0.5347768 0.3429431 0.5035791 0.3325734 0.5023039 0.3287369 0.5335016
5 0.3302746 0.6065971 0.3341111 0.5753994 0.3237414 0.5741242 0.3199049 0.6053219
5 0.3146466 0.6480820 0.3108100 0.6792797 0.3211797 0.6805550 0.3250163 0.6493573
3 0.6280164 0.7470824 0.6199451 0.8127167 0.6496356 0.8163678 0.6577069 0.7507334
3 0.6686980 0.6613556 0.6767692 0.5957212 0.6470788 0.5920701 0.6390074 0.6577045
3 0.6592351 0.7383059 0.6673064 0.6726716 0.6376159 0.6690204 0.6295446 0.7346548
3 0.6782974 0.5832938 0.6863686 0.5176595 0.6566782 0.5140083 0.6486069 0.5796427
3 0.6880441 0.5040349 0.6961154 0.4384006 0.6664249 0.4347494 0.6583537 0.5003839
2 0.5720851 0.7151320 0.7034572 0.5337769 0.6705066 0.5099077 0.5391344 0.6912628
2 0.3729594 0.3991936 0.3408455 0.6603394 0.3735020 0.6643552 0.4056159 0.4032094
2 0.3833334 0.7591702 0.5479749 0.8127550 0.5638464 0.7639891 0.3992049 0.7104043
2 0.4295434 0.3833960 0.5941849 0.4369809 0.6100565 0.3882149 0.4454150 0.3346301
5 0.3939374 0.3739970 0.4146113 0.3807257 0.4197284 0.3650032 0.3990545 0.3582745
