1 0.4027360 0.5615429 0.3939621 0.6305525 0.4228115 0.6342205 0.4315855 0.5652108
1 0.5536499 0.6782829 0.5624238 0.6092732 0.5335743 0.6056052 0.5248004 0.6746150
1 0.4119307 0.4892234 0.4031568 0.5582331 0.4320062 0.5619010 0.4407802 0.4928914
1 0.5628446 0.6059634 0.5716184 0.5369537 0.5427690 0.5332858 0.5339951 0.6022955
1 0.4413713 0.4882423 0.4501452 0.4192326 0.4212957 0.4155647 0.4125218 0.4845744
1 0.5521340 0.4596271 0.5433601 0.5286368 0.5722097 0.5323047 0.5809835 0.4632950
1 0.4503957 0.4172623 0.4591695 0.3482525 0.4303201 0.3445846 0.4215462 0.4135944
1 0.5812340 0.4613246 0.5900078 0.3923149 0.5611584 0.3886470 0.5523845 0.4576567
4 0.3565447 0.3333973 0.3623040 0.2880985 0.3359230 0.2847444 0.3301637 0.3300433
4 0.3630491 0.2822380 0.3688084 0.2369392 0.3424274 0.2335851 0.3366681 0.2788839
5 0.3381637 0.3910183 0.3422846 0.3586066 0.3314732 0.3572320 0.3273523 0.3896437
5 0.3282866 0.4687055 0.3324074 0.4362938 0.3215961 0.4349192 0.3174752 0.4673309
5 0.3120608 0.5099171 0.3079400 0.5423289 0.3187513 0.5437034 0.3228721 0.5112917
5 0.3089323 0.6209334 0.3130531 0.5885217 0.3022418 0.5871471 0.2981209 0.6195589
3 0.6293619 0.6943168 0.6206775 0.7626221 0.6516649 0.7665619 0.6603492 0.6982566
3 0.6722451 0.6046913 0.6809294 0.5363861 0.6499421 0.5324464 0.6412578 0.6007516
3 0.6397258 0.6128013 0.6310414 0.6811064 0.6620288 0.6850462 0.6707132 0.6167411
3 0.6826090 0.5231758 0.6912933 0.4548706 0.6603060 0.4509308 0.6516216 0.5192361
3 0.6931319 0.4404103 0.7018162 0.3721050 0.6708288 0.3681653 0.6621444 0.4364705
2 0.6226408 0.6919322 0.6573329 0.4190670 0.6231883 0.4147258 0.5884962 0.6875911
2 0.3636932 0.6047265 0.3983853 0.3318613 0.3642407 0.3275201 0.3295486 0.6003854
2 0.5624661 0.7111543 0.3903971 0.6532067 0.3733172 0.7039236 0.5453861 0.7618712
2 0.4232069 0.3115239 0.5952758 0.3694715 0.6123558 0.3187546 0.4402869 0.2608069
5 0.4132880 0.2922689 0.3916972 0.2849976 0.3862607 0.3011402 0.4078515 0.3084115
