1 0.4415031 0.5637441 0.4447902 0.5001262 0.4179684 0.4987403 0.4146813 0.5623583
1 0.5657765 0.5807387 0.5690636 0.5171208 0.5422418 0.5157349 0.5389547 0.5793529
1 0.4450511 0.4950774 0.4483383 0.4314594 0.4215166 0.4300735 0.4182293 0.4936914
1 0.5693245 0.5120720 0.5726116 0.4484540 0.5457899 0.4470682 0.5425028 0.5106860
1 0.4486649 0.4251391 0.4519521 0.3615212 0.4251302 0.3601353 0.4218431 0.4237532
1 0.5494037 0.3771299 0.5461165 0.4407478 0.5729383 0.4421337 0.5762255 0.3785158
1 0.4521472 0.3577440 0.4554345 0.2941262 0.4286127 0.2927403 0.4253255 0.3563581
1 0.5764207 0.3747387 0.5797078 0.3111207 0.5528861 0.3097348 0.5495989 0.3733528
4 0.3594728 0.2956819 0.3615862 0.2547799 0.3370575 0.2535125 0.3349441 0.2944145
4 0.3619827 0.2471066 0.3640962 0.2062047 0.3395675 0.2049372 0.3374540 0.2458392
0 0.5341148 0.5641357 0.5469774 0.3152036 0.4692074 0.3111852 0.4563448 0.5601172
5 0.3464003 0.3526642 0.3479453 0.3227637 0.3378886 0.3222440 0.3363436 0.3521445
5 0.3425889 0.4264276 0.3441339 0.3965271 0.3340771 0.3960074 0.3325322 0.4259080
5 0.3389094 0.4976376 0.3404544 0.4677370 0.3303976 0.4672173 0.3288526 0.4971179
5 0.3266087 0.5405465 0.3250637 0.5704470 0.3351204 0.5709667 0.3366654 0.5410661
3 0.6371182 0.5801278 0.6339099 0.6422192 0.6627277 0.6437082 0.6659359 0.5816168
3 0.6706691 0.4900136 0.6738774 0.4279222 0.6450597 0.4264332 0.6418514 0.4885246
3 0.6667268 0.5663099 0.6699351 0.5042185 0.6411174 0.5027295 0.6379091 0.5648208
3 0.6490591 0.3490349 0.6458508 0.4111263 0.6746684 0.4126154 0.6778767 0.3505239
3 0.6531196 0.2704497 0.6499112 0.3325411 0.6787289 0.3340302 0.6819373 0.2719387
2 0.6121880 0.3221406 0.5989472 0.5783939 0.6306883 0.5800340 0.6439291 0.3237807
2 0.3847336 0.5463992 0.3979744 0.2901459 0.3662333 0.2885059 0.3529925 0.5447591
2 0.5715869 0.6076553 0.4121282 0.5858490 0.4051774 0.6366770 0.5646361 0.6584834
2 0.4244291 0.2640970 0.5838877 0.2859032 0.5908385 0.2350751 0.4313799 0.2132689
5 0.3863990 0.2606764 0.4053848 0.2632727 0.4076246 0.2468944 0.3886388 0.2442980
