1 0.4233912 0.6041986 0.4301267 0.6722490 0.4588070 0.6694102 0.4520714 0.6013599
1 0.5902069 0.6349579 0.5834712 0.5669076 0.5547910 0.5697464 0.5615266 0.6377966
1 0.4162021 0.5315659 0.4229376 0.5996163 0.4516179 0.5967776 0.4448823 0.5287272
1 0.5476019 0.4971136 0.5543374 0.5651640 0.5830177 0.5623253 0.5762822 0.4942749
1 0.4088799 0.4575883 0.4156154 0.5256387 0.4442957 0.5228000 0.4375601 0.4547495
1 0.5402797 0.4231360 0.5470152 0.4911864 0.5756955 0.4883477 0.5689600 0.4202973
1 0.4018239 0.3863008 0.4085595 0.4543511 0.4372398 0.4515123 0.4305042 0.3834620
1 0.5686395 0.4170601 0.5619040 0.3490098 0.5332238 0.3518485 0.5399593 0.4198989
4 0.3314457 0.4260575 0.3269765 0.3809044 0.3007527 0.3835000 0.3052219 0.4286531
4 0.3263601 0.3746766 0.3218909 0.3295235 0.2956671 0.3321190 0.3001363 0.3772722
0 0.4459346 0.3797982 0.4725155 0.6483492 0.5556880 0.6401169 0.5291072 0.3715659
5 0.3267446 0.4888657 0.3235694 0.4567854 0.3128286 0.4578485 0.3160038 0.4899287
5 0.3344673 0.5668893 0.3312921 0.5348091 0.3205513 0.5358722 0.3237265 0.5679524
5 0.3280066 0.6111950 0.3311819 0.6432750 0.3419227 0.6422119 0.3387474 0.6101319
5 0.3356838 0.6887594 0.3388591 0.7208395 0.3495999 0.7197764 0.3464246 0.6876963
3 0.7006971 0.6608518 0.6940392 0.5935854 0.6632450 0.5966333 0.6699030 0.6638998
3 0.6471539 0.4340619 0.6538119 0.5013283 0.6846060 0.4982803 0.6779481 0.4310139
3 0.6551417 0.5147648 0.6617997 0.5820313 0.6925939 0.5789832 0.6859359 0.5117168
3 0.6390507 0.3521934 0.6457086 0.4194598 0.6765028 0.4164118 0.6698448 0.3491454
3 0.6308231 0.2690694 0.6374810 0.3363358 0.6682753 0.3332878 0.6616174 0.2660215
2 0.6575019 0.6087953 0.6304860 0.3358498 0.5965368 0.3392100 0.6235526 0.6121556
2 0.3364778 0.4073959 0.3634936 0.6803415 0.3974430 0.6769812 0.3704272 0.4040356
2 0.5951168 0.6584358 0.4237360 0.7033708 0.4374244 0.7555780 0.6088052 0.7106430
2 0.3984171 0.3614790 0.5697978 0.3165439 0.5561094 0.2643368 0.3847286 0.3092718
5 0.3550161 0.3748286 0.3761166 0.3692963 0.3717754 0.3527388 0.3506749 0.3582712
