1 0.4090553 0.5634307 0.3952154 0.6307047 0.4232665 0.6364755 0.4371064 0.5692015
1 0.5313788 0.6300795 0.5175388 0.6973535 0.5455899 0.7031243 0.5594299 0.6358503
1 0.4371753 0.5688670 0.4510153 0.5015929 0.4229642 0.4958221 0.4091242 0.5630962
1 0.5594987 0.6355159 0.5733386 0.5682418 0.5452875 0.5624710 0.5314476 0.6297451
1 0.4513416 0.5000066 0.4651816 0.4327326 0.4371305 0.4269618 0.4232905 0.4942358
1 0.5736650 0.5666554 0.5875050 0.4993815 0.5594540 0.4936106 0.5456139 0.5608846
1 0.4649928 0.4336503 0.4788328 0.3663763 0.4507817 0.3606055 0.4369417 0.4278795
1 0.5873163 0.5002991 0.6011562 0.4330250 0.5731051 0.4272542 0.5592651 0.4945284
4 0.3808757 0.3360791 0.3900447 0.2915102 0.3643882 0.2862320 0.3552192 0.3308009
4 0.3907148 0.2882525 0.3998837 0.2436835 0.3742272 0.2384053 0.3650583 0.2829744
0 0.5161899 0.6742147 0.5700786 0.4122702 0.4887552 0.3955399 0.4348665 0.6574845
5 0.3551409 0.3542316 0.3486783 0.3856454 0.3592061 0.3878113 0.3656687 0.3563974
5 0.3401998 0.4268581 0.3337371 0.4582719 0.3442650 0.4604378 0.3507276 0.4290240
5 0.3298410 0.5305502 0.3363037 0.4991364 0.3257759 0.4969705 0.3193132 0.5283843
5 0.3149879 0.6027492 0.3214505 0.5713354 0.3109227 0.5691695 0.3044601 0.6005834
3 0.6333122 0.8061982 0.6470929 0.7392124 0.6169383 0.7330087 0.6031576 0.7999946
3 0.6480700 0.5816829 0.6342893 0.6486687 0.6644440 0.6548723 0.6782246 0.5878865
3 0.6326158 0.6568033 0.6188352 0.7237891 0.6489898 0.7299926 0.6627704 0.6630068
3 0.6801213 0.5786668 0.6939020 0.5116810 0.6637473 0.5054774 0.6499667 0.5724633
3 0.6960391 0.5012928 0.7098198 0.4343070 0.6796651 0.4281034 0.6658844 0.4950892
2 0.6306553 0.4642178 0.5776145 0.7220411 0.6108033 0.7288690 0.6638441 0.4710456
2 0.3885598 0.3323102 0.3355190 0.5901337 0.3687078 0.5969614 0.4217486 0.3391380
2 0.3676288 0.6925752 0.5312342 0.7817167 0.5548865 0.7383065 0.3912812 0.6491650
2 0.4430968 0.3257371 0.6067021 0.4148787 0.6303545 0.3714685 0.4667492 0.2823269
5 0.4104691 0.3100698 0.4317761 0.3216791 0.4393284 0.3078179 0.4180214 0.2962086
