1 0.4138385 0.6268353 0.4126712 0.6916395 0.4404790 0.6921404 0.4416463 0.6273363
1 0.5432009 0.6330021 0.5420336 0.6978062 0.5698414 0.6983072 0.5710087 0.6335030
1 0.4417666 0.6206538 0.4429339 0.5558497 0.4151261 0.5553488 0.4139589 0.6201530
1 0.5444885 0.5615155 0.5433213 0.6263196 0.5711291 0.6268204 0.5722963 0.5620164
1 0.4430782 0.5478435 0.4442454 0.4830393 0.4164376 0.4825384 0.4152703 0.5473426
1 0.5458000 0.4887051 0.5446327 0.5535092 0.5724406 0.5540102 0.5736078 0.4892060
1 0.4443420 0.4776807 0.4455093 0.4128766 0.4177015 0.4123757 0.4165342 0.4771798
1 0.5737044 0.4838475 0.5748716 0.4190433 0.5470638 0.4185424 0.5458966 0.4833466
4 0.3469470 0.3816174 0.3215054 0.3811259 0.3207047 0.4225774 0.3461462 0.4230689
4 0.3478580 0.3310474 0.3224165 0.3305559 0.3216155 0.3720073 0.3470570 0.3724989
0 0.5364485 0.6844332 0.5410395 0.4295627 0.4604007 0.4281102 0.4558098 0.6829807
5 0.3247078 0.4523757 0.3241576 0.4829224 0.3345751 0.4831100 0.3351253 0.4525633
5 0.3331918 0.5599026 0.3337421 0.5293559 0.3233246 0.5291682 0.3227744 0.5597150
5 0.3318565 0.6340368 0.3324067 0.6034900 0.3219892 0.6033023 0.3214390 0.6338491
5 0.3304814 0.7103773 0.3310316 0.6798306 0.3206142 0.6796429 0.3200639 0.7101897
3 0.6437414 0.6919428 0.6426053 0.7550125 0.6724682 0.7555504 0.6736043 0.6924807
3 0.6466235 0.5319365 0.6454874 0.5950062 0.6753504 0.5955442 0.6764866 0.5324744
3 0.6739196 0.6749736 0.6750556 0.6119039 0.6451927 0.6113660 0.6440567 0.6744357
3 0.6768018 0.5149674 0.6779378 0.4518977 0.6480749 0.4513597 0.6469389 0.5144295
3 0.6782754 0.4331551 0.6794114 0.3700853 0.6495485 0.3695474 0.6484125 0.4326172
2 0.6089263 0.4266379 0.6041451 0.6920742 0.6370593 0.6926671 0.6418405 0.4272307
2 0.3528997 0.4144330 0.3481185 0.6798694 0.3810327 0.6804622 0.3858139 0.4150259
2 0.4078673 0.7720177 0.5717264 0.7798288 0.5742744 0.7263776 0.4104153 0.7185665
2 0.4148540 0.3841372 0.5787131 0.3919484 0.5812612 0.3384971 0.4174021 0.3306859
5 0.3934539 0.3680195 0.3745417 0.3671179 0.3737229 0.3842940 0.3926351 0.3851955
