1 0.4156043 0.6007503 0.4184759 0.6669239 0.4467774 0.6656958 0.4439059 0.5995221
1 0.5469359 0.5856547 0.5498074 0.6518284 0.5781089 0.6506003 0.5752374 0.5844266
1 0.4436273 0.5931036 0.4407558 0.5269300 0.4124543 0.5281581 0.4153258 0.5943317
1 0.5749589 0.5780081 0.5720873 0.5118345 0.5437858 0.5130626 0.5466573 0.5792363
1 0.4092458 0.4542218 0.4121174 0.5203955 0.4404189 0.5191674 0.4375474 0.4529938
1 0.5405774 0.4391263 0.5434490 0.5052999 0.5717505 0.5040718 0.5688789 0.4378982
1 0.4061541 0.3829741 0.4090257 0.4491478 0.4373273 0.4479197 0.4344557 0.3817460
1 0.5686588 0.4328241 0.5657873 0.3666505 0.5374857 0.3678786 0.5403572 0.4340522
4 0.3344952 0.4082779 0.3326102 0.3648399 0.3067326 0.3659628 0.3086175 0.4094008
4 0.3322668 0.3569257 0.3303819 0.3134878 0.3045042 0.3146107 0.3063891 0.3580486
0 0.4501814 0.3878191 0.4615347 0.6494526 0.5436088 0.6458911 0.5322555 0.3842576
5 0.3145415 0.4394922 0.3158984 0.4707609 0.3264977 0.4703010 0.3251408 0.4390322
5 0.3298815 0.5482812 0.3285246 0.5170123 0.3179254 0.5174723 0.3192823 0.5487411
5 0.3211921 0.5927528 0.3225490 0.6240216 0.3331483 0.6235617 0.3317914 0.5922928
5 0.3365123 0.7010828 0.3351553 0.6698140 0.3245561 0.6702739 0.3259130 0.7015427
3 0.6523568 0.6281481 0.6551725 0.6930348 0.6855605 0.6917161 0.6827449 0.6268294
3 0.6453061 0.4656675 0.6481218 0.5305542 0.6785098 0.5292355 0.6756942 0.4643489
3 0.6820099 0.6098933 0.6791942 0.5450066 0.6488061 0.5463253 0.6516218 0.6112119
3 0.6749592 0.4474126 0.6721436 0.3825260 0.6417554 0.3838447 0.6445711 0.4487313
3 0.6381503 0.3007672 0.6409660 0.3656538 0.6713542 0.3643352 0.6685385 0.2994485
2 0.6458161 0.6341485 0.6340749 0.3635784 0.6005740 0.3650321 0.6123152 0.6356022
2 0.3858922 0.6640247 0.3741511 0.3934546 0.3406502 0.3949083 0.3523914 0.6654785
2 0.5823626 0.6766559 0.4143637 0.6959661 0.4205606 0.7498794 0.5885595 0.7305692
2 0.5652706 0.2827771 0.3972717 0.3020872 0.4034686 0.3560006 0.5714675 0.3366905
5 0.3783450 0.3434933 0.3585248 0.3457714 0.3604974 0.3629339 0.3803177 0.3606558
