1 0.4220001 0.6334931 0.4186718 0.6996693 0.4466091 0.7010744 0.4499374 0.6348981
1 0.5760815 0.7183089 0.5794098 0.6521327 0.5514725 0.6507276 0.5481442 0.7169039
1 0.4255983 0.5619509 0.4222700 0.6281272 0.4502073 0.6295322 0.4535356 0.5633560
1 0.5796797 0.6467668 0.5830081 0.5805906 0.5550708 0.5791855 0.5517425 0.6453617
1 0.4292631 0.4890841 0.4259348 0.5552603 0.4538721 0.5566654 0.4572004 0.4904891
1 0.5500663 0.5128788 0.5467380 0.5790550 0.5746753 0.5804601 0.5780036 0.5142839
1 0.4574036 0.4864483 0.4607319 0.4202721 0.4327946 0.4188669 0.4294663 0.4850432
1 0.5868760 0.5036829 0.5902044 0.4375067 0.5622671 0.4361016 0.5589387 0.5022778
4 0.3607347 0.4234784 0.3628753 0.3809182 0.3373265 0.3796332 0.3351860 0.4221935
4 0.3632800 0.3728691 0.3654206 0.3303090 0.3398719 0.3290240 0.3377313 0.3715841
0 0.4750857 0.4383276 0.4620518 0.6974784 0.5430567 0.7015525 0.5560905 0.4424017
5 0.3471972 0.4826344 0.3487614 0.4515336 0.3382868 0.4510067 0.3367226 0.4821076
5 0.3433320 0.5594866 0.3448962 0.5283856 0.3344215 0.5278589 0.3328573 0.5589597
5 0.3396006 0.6336783 0.3411648 0.6025774 0.3306901 0.6020505 0.3291259 0.6331514
5 0.3357580 0.7100781 0.3373223 0.6789772 0.3268476 0.6784503 0.3252834 0.7095512
3 0.6771090 0.7845345 0.6803582 0.7199309 0.6503423 0.7184213 0.6470932 0.7830249
3 0.6851626 0.6244041 0.6884118 0.5598005 0.6583960 0.5582909 0.6551468 0.6228945
3 0.6543981 0.6377820 0.6511489 0.7023855 0.6811647 0.7038952 0.6844139 0.6392916
3 0.6892183 0.5437648 0.6924675 0.4791613 0.6624517 0.4776517 0.6592026 0.5422552
3 0.6665697 0.3957757 0.6633204 0.4603793 0.6933362 0.4618890 0.6965855 0.3972854
2 0.6240074 0.4497064 0.6105824 0.7166353 0.6436438 0.7182981 0.6570688 0.4513692
2 0.3677630 0.4155967 0.3543380 0.6825256 0.3873994 0.6841884 0.4008245 0.4172595
2 0.4089229 0.7781556 0.5749681 0.8002585 0.5820215 0.7472705 0.4159763 0.7251676
2 0.4284462 0.3899741 0.5944914 0.4120770 0.6015449 0.3590890 0.4354997 0.3369860
5 0.4107845 0.3724259 0.3910393 0.3697975 0.3887684 0.3868569 0.4085137 0.3894854
