1 0.4336099 0.6476209 0.4430258 0.5812609 0.4154226 0.5773443 0.4060068 0.6437042
1 0.5398160 0.6240885 0.5304000 0.6904484 0.5580031 0.6943650 0.5674191 0.6280051
1 0.4433652 0.5788695 0.4527811 0.5125096 0.4251779 0.5085930 0.4157619 0.5749528
1 0.5495712 0.5553371 0.5401552 0.6216969 0.5677584 0.6256136 0.5771743 0.5592538
1 0.4351138 0.4385684 0.4256979 0.5049282 0.4533011 0.5088450 0.4627171 0.4424850
1 0.5776944 0.5555891 0.5871102 0.4892292 0.5595070 0.4853126 0.5500911 0.5516725
1 0.4628757 0.4413669 0.4722916 0.3750070 0.4446884 0.3710903 0.4352725 0.4374502
1 0.5872689 0.4881111 0.5966848 0.4217511 0.5690817 0.4178345 0.5596657 0.4841944
4 0.3743441 0.3580235 0.3805225 0.3144807 0.3552773 0.3108987 0.3490990 0.3544415
4 0.3812450 0.3093883 0.3874234 0.2658456 0.3621782 0.2622635 0.3559999 0.3058062
0 0.5273538 0.6704267 0.5641633 0.4110077 0.4841334 0.3996521 0.4473239 0.6590711
5 0.3560117 0.4123801 0.3604232 0.3812897 0.3500682 0.3798203 0.3456567 0.4109108
5 0.3455324 0.4862344 0.3499439 0.4551440 0.3395889 0.4536747 0.3351774 0.4847651
5 0.3354159 0.5575320 0.3398274 0.5264417 0.3294723 0.5249723 0.3250608 0.5560627
5 0.3249983 0.6309516 0.3294097 0.5998613 0.3190547 0.5983919 0.3146432 0.6294823
3 0.6504458 0.7822481 0.6597620 0.7165915 0.6300963 0.7123822 0.6207801 0.7780389
3 0.6722808 0.6283641 0.6815969 0.5627075 0.6519312 0.5584981 0.6426150 0.6241548
3 0.6410920 0.6348884 0.6317759 0.7005451 0.6614416 0.7047545 0.6707577 0.6390978
3 0.6832765 0.5508704 0.6925926 0.4852137 0.6629269 0.4810044 0.6536107 0.5466611
3 0.6944409 0.4721883 0.7037570 0.4065316 0.6740913 0.4023223 0.6647751 0.4679790
2 0.6279499 0.4452235 0.5910667 0.7051628 0.6237289 0.7097973 0.6606120 0.4498580
2 0.3775368 0.6172839 0.4144201 0.3573446 0.3817581 0.3527102 0.3448748 0.6126494
2 0.3846394 0.7121933 0.5488648 0.7739055 0.5667195 0.7263914 0.4024941 0.6646792
2 0.4375706 0.3391539 0.6017960 0.4008660 0.6196507 0.3533518 0.4554254 0.2916396
5 0.4028785 0.3281652 0.4236781 0.3359813 0.4293844 0.3207962 0.4085849 0.3129801
