1 0.4183113 0.4887530 0.4065792 0.5565511 0.4347169 0.5614201 0.4464490 0.4936221
1 0.5596371 0.6186634 0.5713692 0.5508654 0.5432315 0.5459963 0.5314994 0.6137943
1 0.4466638 0.4923810 0.4583959 0.4245831 0.4302581 0.4197140 0.4185260 0.4875119
1 0.5715839 0.5496244 0.5833160 0.4818265 0.5551783 0.4769574 0.5434462 0.5447553
1 0.4588318 0.4220636 0.4705639 0.3542657 0.4424262 0.3493966 0.4306941 0.4171945
1 0.5837520 0.4793071 0.5954841 0.4115091 0.5673463 0.4066401 0.5556143 0.4744380
1 0.4705575 0.3543033 0.4822895 0.2865053 0.4541518 0.2816362 0.4424197 0.3494342
1 0.5954776 0.4115467 0.6072096 0.3437487 0.5790719 0.3388797 0.5673398 0.4066776
4 0.3832356 0.2619700 0.3909602 0.2173311 0.3652234 0.2128774 0.3574989 0.2575164
4 0.3916869 0.2131313 0.3994114 0.1684925 0.3736747 0.1640388 0.3659501 0.2086777
0 0.5292743 0.5916746 0.5749679 0.3276183 0.4933967 0.3135028 0.4477031 0.5775591
5 0.3630069 0.3158644 0.3684924 0.2841644 0.3579290 0.2823365 0.3524435 0.3140365
5 0.3450955 0.3564997 0.3396099 0.3881997 0.3501733 0.3900276 0.3556589 0.3583277
5 0.3377840 0.4616235 0.3432696 0.4299236 0.3327062 0.4280956 0.3272206 0.4597955
5 0.3250260 0.5353502 0.3305115 0.5036502 0.3199481 0.5018222 0.3144626 0.5335222
3 0.6323828 0.6421118 0.6207496 0.7093386 0.6510023 0.7145736 0.6626355 0.6473469
3 0.6777425 0.5600459 0.6893758 0.4928191 0.6591231 0.4875841 0.6474898 0.5548109
3 0.6644682 0.6367557 0.6761015 0.5695289 0.6458489 0.5642939 0.6342157 0.6315207
3 0.6725890 0.4097661 0.6609558 0.4769929 0.6912085 0.4822280 0.7028417 0.4150012
3 0.7048809 0.4032168 0.7165142 0.3359900 0.6862616 0.3307549 0.6746283 0.3979817
2 0.6381167 0.3708783 0.5927541 0.6330216 0.6260433 0.6387821 0.6714059 0.3766389
2 0.3908820 0.2575856 0.3455194 0.5197290 0.3788085 0.5254894 0.4241711 0.2633461
2 0.3817883 0.6219784 0.5478819 0.6980890 0.5690116 0.6519784 0.4029180 0.5758678
2 0.4466108 0.2473786 0.6127045 0.3234892 0.6338342 0.2773785 0.4677406 0.2012679
5 0.4407293 0.2287393 0.4193561 0.2189452 0.4125912 0.2337081 0.4339643 0.2435021
