1 0.4223057 0.5874242 0.4287571 0.6539493 0.4567448 0.6512351 0.4502935 0.5847101
1 0.5506023 0.5544678 0.5570536 0.6209928 0.5850413 0.6182787 0.5785900 0.5517536
1 0.4154286 0.5165085 0.4218799 0.5830335 0.4498677 0.5803193 0.4434163 0.5137943
1 0.5781642 0.5473629 0.5717129 0.4808379 0.5437251 0.4835521 0.5501765 0.5500771
1 0.4084241 0.4442797 0.4148754 0.5108047 0.4428632 0.5080906 0.4364118 0.4415655
1 0.5711597 0.4751341 0.5647084 0.4086091 0.5367206 0.4113232 0.5431720 0.4778483
1 0.4361134 0.4384882 0.4296620 0.3719631 0.4016743 0.3746774 0.4081257 0.4412024
1 0.5299709 0.3417209 0.5364223 0.4082460 0.5644100 0.4055318 0.5579586 0.3390068
4 0.3328944 0.4127793 0.3286220 0.3687229 0.3030300 0.3712047 0.3073025 0.4152611
4 0.3280295 0.3626131 0.3237571 0.3185567 0.2981651 0.3210385 0.3024375 0.3650949
0 0.4447436 0.3686604 0.4701574 0.6307220 0.5513174 0.6228514 0.5259036 0.3607898
5 0.3146669 0.4438166 0.3177057 0.4751514 0.3281911 0.4741346 0.3251524 0.4427998
5 0.3355787 0.5503137 0.3325400 0.5189790 0.3220545 0.5199958 0.3250932 0.5513306
5 0.3427106 0.6238558 0.3396718 0.5925211 0.3291864 0.5935379 0.3322251 0.6248727
5 0.3365304 0.6692687 0.3395692 0.7006035 0.3500546 0.6995867 0.3470159 0.6682519
3 0.6927950 0.6438384 0.6864267 0.5781698 0.6563696 0.5810846 0.6627380 0.6467532
3 0.6774021 0.4851101 0.6710338 0.4194415 0.6409767 0.4223563 0.6473450 0.4880249
3 0.6440119 0.5025464 0.6503803 0.5682151 0.6804373 0.5653002 0.6740690 0.4996316
3 0.6696505 0.4051769 0.6632821 0.3395082 0.6332250 0.3424230 0.6395934 0.4080917
3 0.6253546 0.2612641 0.6317229 0.3269328 0.6617800 0.3240179 0.6554117 0.2583493
2 0.6507325 0.5927919 0.6248964 0.3263762 0.5917696 0.3295887 0.6176057 0.5960045
2 0.3378525 0.3948141 0.3636885 0.6612300 0.3968154 0.6580174 0.3709793 0.3916016
2 0.5897850 0.6410050 0.4225583 0.6839616 0.4356727 0.7350149 0.6028994 0.6920582
2 0.5524702 0.2562223 0.3852434 0.2991790 0.3983578 0.3502322 0.5655846 0.3072756
5 0.3723967 0.3414704 0.3518142 0.3467574 0.3559837 0.3629894 0.3765663 0.3577023
