1 0.4362382 0.6199869 0.4488242 0.6873857 0.4770230 0.6821198 0.4644370 0.6147211
1 0.6013590 0.6206154 0.5887730 0.5532165 0.5605742 0.5584823 0.5731602 0.6258812
1 0.4234040 0.5512592 0.4359900 0.6186580 0.4641889 0.6133922 0.4516029 0.5459933
1 0.5477400 0.4897547 0.5603260 0.5571536 0.5885249 0.5518877 0.5759389 0.4844888
1 0.4103322 0.4812589 0.4229183 0.5486577 0.4511171 0.5433918 0.4385311 0.4759930
1 0.5346683 0.4197543 0.5472543 0.4871532 0.5754531 0.4818874 0.5628671 0.4144885
1 0.4385206 0.4759371 0.4259346 0.4085383 0.3977357 0.4138042 0.4103217 0.4812030
1 0.5628566 0.4144326 0.5502706 0.3470338 0.5220717 0.3522997 0.5346578 0.4196984
4 0.3339549 0.4731882 0.3255118 0.4279749 0.2997261 0.4327901 0.3081692 0.4780034
4 0.3248760 0.4245698 0.3164329 0.3793566 0.2906471 0.3841718 0.2990902 0.4293850
0 0.5696705 0.6399125 0.5203689 0.3758996 0.4385990 0.3911693 0.4879006 0.6551822
5 0.3178060 0.5041507 0.3237056 0.5357438 0.3342722 0.5337706 0.3283726 0.5021775
5 0.3315927 0.5779794 0.3374924 0.6095725 0.3480590 0.6075994 0.3421593 0.5760063
5 0.3449022 0.6492525 0.3508019 0.6808456 0.3613685 0.6788723 0.3554688 0.6472793
5 0.3586078 0.7226468 0.3645074 0.7542398 0.3750740 0.7522666 0.3691743 0.7206736
3 0.7104337 0.6223953 0.6978878 0.5552116 0.6676008 0.5608674 0.6801467 0.6280510
3 0.6817074 0.4685643 0.6691616 0.4013807 0.6388747 0.4070364 0.6514205 0.4742201
3 0.6531348 0.4834003 0.6656806 0.5505841 0.6959676 0.5449283 0.6834218 0.4777446
3 0.6244085 0.3295694 0.6369544 0.3967531 0.6672414 0.3910974 0.6546955 0.3239136
3 0.6097206 0.2509145 0.6222664 0.3180983 0.6525534 0.3124426 0.6400076 0.2452587
2 0.5822302 0.3261005 0.6310515 0.5875422 0.6644269 0.5813098 0.6156054 0.3198680
2 0.3361515 0.4478267 0.3849729 0.7092685 0.4183482 0.7030360 0.3695268 0.4415942
2 0.4633291 0.7664570 0.6290914 0.6844603 0.6067508 0.6392970 0.4409885 0.7212936
2 0.3936922 0.3935463 0.5594544 0.3115498 0.5371137 0.2663864 0.3713515 0.3483829
5 0.3522012 0.4160684 0.3735975 0.4054844 0.3665071 0.3911505 0.3451107 0.4017345
