1 0.4312524 0.5334880 0.4381762 0.6003090 0.4659575 0.5974304 0.4590337 0.5306094
1 0.5582972 0.4986364 0.5652211 0.5654573 0.5930024 0.5625786 0.5860785 0.4957578
1 0.4239782 0.4632859 0.4309021 0.5301068 0.4586834 0.5272281 0.4517595 0.4604073
1 0.5510231 0.4284342 0.5579469 0.4952551 0.5857282 0.4923765 0.5788043 0.4255555
1 0.4165694 0.3917840 0.4234931 0.4586048 0.4512745 0.4557262 0.4443507 0.3889053
1 0.5436141 0.3569322 0.5505379 0.4237531 0.5783193 0.4208745 0.5713955 0.3540535
1 0.4441350 0.3868242 0.4372112 0.3200032 0.4094298 0.3228819 0.4163537 0.3897028
1 0.5364747 0.2880302 0.5433985 0.3548512 0.5711799 0.3519725 0.5642560 0.2851516
4 0.3415200 0.3623002 0.3369653 0.3183443 0.3115572 0.3209770 0.3161118 0.3649330
4 0.3363742 0.3126388 0.3318195 0.2686830 0.3064114 0.2713157 0.3109660 0.3152716
0 0.5596109 0.5679685 0.5326003 0.3072925 0.4520542 0.3156385 0.4790648 0.5763146
5 0.3235762 0.3929892 0.3268213 0.4243074 0.3372435 0.4232275 0.3339984 0.3919093
5 0.3450575 0.4986402 0.3418124 0.4673221 0.3313902 0.4684020 0.3346354 0.4997202
5 0.3389339 0.5412041 0.3421790 0.5725222 0.3526011 0.5714422 0.3493560 0.5401242
5 0.3467020 0.6161729 0.3499471 0.6474910 0.3603692 0.6464111 0.3571241 0.6150929
3 0.7000077 0.5856308 0.6932050 0.5199784 0.6633474 0.5230721 0.6701501 0.5887246
3 0.6837262 0.4284996 0.6769235 0.3628471 0.6470658 0.3659409 0.6538686 0.4315934
3 0.6918086 0.5065019 0.6850058 0.4408494 0.6551482 0.4439431 0.6619509 0.5095956
3 0.6388667 0.2868121 0.6456694 0.3524644 0.6755270 0.3493707 0.6687242 0.2837183
3 0.6305417 0.2064697 0.6373445 0.2721221 0.6672022 0.2690283 0.6603993 0.2033759
2 0.5977002 0.2749828 0.6250539 0.5389689 0.6579266 0.5355627 0.6305729 0.2715765
2 0.4064867 0.6045393 0.3791331 0.3405530 0.3462604 0.3439592 0.3736141 0.6079454
2 0.4455495 0.6799184 0.6114827 0.6343986 0.5976907 0.5841230 0.4317575 0.6296428
2 0.5582217 0.2032121 0.3922885 0.2487319 0.4060804 0.2990076 0.5720136 0.2534879
5 0.3640792 0.3123882 0.3846404 0.3067479 0.3802032 0.2905728 0.3596421 0.2962132
