1 0.4330271 0.6401389 0.4393876 0.7053343 0.4666187 0.7026776 0.4602582 0.6374822
1 0.5913948 0.6704437 0.5850343 0.6052483 0.5578031 0.6079051 0.5641637 0.6731005
1 0.5510755 0.5389473 0.5574360 0.6041427 0.5846673 0.6014860 0.5783067 0.5362906
1 0.4530390 0.5634851 0.4466784 0.4982898 0.4194472 0.5009465 0.4258078 0.5661419
1 0.5778149 0.5312514 0.5714543 0.4660560 0.5442232 0.4687127 0.5505838 0.5339081
1 0.4128443 0.4332659 0.4192048 0.4984612 0.4464360 0.4958045 0.4400754 0.4306092
1 0.5712119 0.4635707 0.5648514 0.3983753 0.5376202 0.4010320 0.5439808 0.4662274
4 0.3460508 0.4714013 0.3418601 0.4284474 0.3169559 0.4308771 0.3211465 0.4738310
4 0.3412915 0.4226202 0.3371009 0.3796663 0.3121968 0.3820959 0.3163874 0.4250498
0 0.4547585 0.4275988 0.4796565 0.6828023 0.5586101 0.6750994 0.5337120 0.4198959
5 0.3283122 0.5013555 0.3312988 0.5319677 0.3415122 0.5309713 0.3385256 0.5003591
5 0.3355392 0.5754315 0.3385258 0.6060436 0.3487392 0.6050472 0.3457527 0.5744350
5 0.3425160 0.6469431 0.3455026 0.6775553 0.3557160 0.6765589 0.3527294 0.6459466
5 0.3497004 0.7205830 0.3526870 0.7511952 0.3629004 0.7501987 0.3599138 0.7195866
3 0.6962658 0.6955171 0.6900098 0.6313941 0.6607472 0.6342490 0.6670032 0.6983720
3 0.6456890 0.4799030 0.6519449 0.5440260 0.6812075 0.5411711 0.6749516 0.4770481
3 0.6531641 0.5565227 0.6594200 0.6206456 0.6886827 0.6177907 0.6824268 0.5536678
3 0.6381059 0.4021767 0.6443618 0.4662997 0.6736245 0.4634448 0.6673685 0.3993219
3 0.6304065 0.3232585 0.6366624 0.3873816 0.6659250 0.3845266 0.6596691 0.3204036
2 0.6552996 0.6457874 0.6300232 0.3867068 0.5978000 0.3898505 0.6230763 0.6489311
2 0.3508506 0.4536458 0.3761269 0.7127264 0.4083502 0.7095827 0.3830738 0.4505020
2 0.5960352 0.6927398 0.4333712 0.7347614 0.4461904 0.7843843 0.6088545 0.7423627
2 0.4096868 0.4102254 0.5723510 0.3682038 0.5595317 0.3185807 0.3968675 0.3606024
5 0.3844246 0.4018335 0.3643729 0.4070134 0.3684815 0.4229180 0.3885332 0.4177380
