1 0.4406186 0.6024652 0.4422192 0.5394257 0.4150109 0.5387348 0.4134103 0.6017743
1 0.5415331 0.5472441 0.5399325 0.6102837 0.5671408 0.6109744 0.5687413 0.5479349
1 0.4423943 0.5325304 0.4439949 0.4694909 0.4167866 0.4688001 0.4151860 0.5318396
1 0.5689164 0.5410398 0.5705169 0.4780003 0.5433087 0.4773095 0.5417081 0.5403490
1 0.4185950 0.3975704 0.4169945 0.4606101 0.4442028 0.4613009 0.4458033 0.3982612
1 0.5707248 0.4698101 0.5723254 0.4067706 0.5451171 0.4060798 0.5435166 0.4691193
1 0.4459454 0.3926613 0.4475460 0.3296218 0.4203377 0.3289310 0.4187371 0.3919705
1 0.5468599 0.3374403 0.5452593 0.4004798 0.5724676 0.4011706 0.5740681 0.3381311
4 0.3518432 0.2964615 0.3268271 0.2954888 0.3252560 0.3358945 0.3502722 0.3368672
4 0.3530992 0.2469893 0.3280830 0.2460167 0.3265121 0.2864224 0.3515283 0.2873949
0 0.4620095 0.3447986 0.4556664 0.5946326 0.5345728 0.5966361 0.5409160 0.3468020
5 0.3385174 0.3955237 0.3392749 0.3656862 0.3290877 0.3654276 0.3283302 0.3952650
5 0.3366100 0.4706491 0.3373675 0.4408116 0.3271803 0.4405529 0.3264227 0.4703904
5 0.3347686 0.5431738 0.3355262 0.5133364 0.3253390 0.5130777 0.3245813 0.5429152
5 0.3328725 0.6178570 0.3336300 0.5880195 0.3234428 0.5877609 0.3226852 0.6175984
3 0.6671422 0.6685621 0.6687088 0.6068561 0.6394987 0.6061145 0.6379320 0.6678205
3 0.6711164 0.5120294 0.6726831 0.4503236 0.6434730 0.4495820 0.6419063 0.5112878
3 0.6691436 0.5897346 0.6707102 0.5280287 0.6415001 0.5272871 0.6399334 0.5889929
3 0.6731178 0.4332020 0.6746845 0.3714961 0.6454744 0.3707544 0.6439077 0.4324604
3 0.6751499 0.3531657 0.6767165 0.2914599 0.6475064 0.2907183 0.6459397 0.3524241
2 0.6073471 0.3457163 0.6007467 0.6056793 0.6329553 0.6064971 0.6395556 0.3465340
2 0.3825499 0.5896561 0.3891502 0.3296928 0.3569417 0.3288751 0.3503414 0.5888383
2 0.4075928 0.6797827 0.5683215 0.6905926 0.5718335 0.6383747 0.4111047 0.6275648
2 0.5814677 0.2589148 0.4207390 0.2481050 0.4172271 0.3003230 0.5779558 0.3111328
5 0.3773529 0.2994458 0.3960193 0.3007012 0.3971362 0.2840938 0.3784698 0.2828384
