1 0.4501980 0.6476194 0.4462520 0.5829800 0.4187014 0.5846618 0.4226474 0.6493013
1 0.5776651 0.6270066 0.5737191 0.5623673 0.5461686 0.5640491 0.5501145 0.6286885
1 0.4144002 0.5142030 0.4183461 0.5788424 0.4458967 0.5771605 0.4419508 0.5125211
1 0.5733639 0.5565477 0.5694179 0.4919083 0.5418672 0.4935902 0.5458132 0.5582296
1 0.4415159 0.5053969 0.4375699 0.4407575 0.4100193 0.4424393 0.4139653 0.5070788
1 0.5689830 0.4847842 0.5650371 0.4201447 0.5374864 0.4218265 0.5414324 0.4864661
1 0.4057978 0.3732854 0.4097438 0.4379247 0.4372944 0.4362429 0.4333484 0.3716035
1 0.5332649 0.3526726 0.5372109 0.4173120 0.5647615 0.4156301 0.5608156 0.3509907
4 0.3365982 0.4021137 0.3339944 0.3594595 0.3088039 0.3609972 0.3114078 0.4036514
4 0.3335555 0.3522705 0.3309516 0.3096163 0.3057612 0.3111541 0.3083651 0.3538083
0 0.5441240 0.6254882 0.5284997 0.3695442 0.4486015 0.3744217 0.4642259 0.6303657
5 0.3298619 0.4625539 0.3279969 0.4320018 0.3176805 0.4326316 0.3195456 0.4631836
5 0.3223010 0.5083201 0.3241661 0.5388721 0.3344824 0.5382424 0.3326174 0.5076903
5 0.3389429 0.6113107 0.3370779 0.5807587 0.3267616 0.5813885 0.3286266 0.6119405
5 0.3313548 0.6566315 0.3332199 0.6871835 0.3435362 0.6865538 0.3416711 0.6560017
3 0.6494047 0.6003675 0.6532888 0.6639944 0.6828680 0.6621887 0.6789839 0.5985619
3 0.6732407 0.5044827 0.6693565 0.4408560 0.6397774 0.4426618 0.6436616 0.5062885
3 0.6445566 0.5209491 0.6484407 0.5845760 0.6780199 0.5827703 0.6741357 0.5191435
3 0.6349292 0.3632433 0.6388134 0.4268702 0.6683925 0.4250644 0.6645083 0.3614377
3 0.6300067 0.2826072 0.6338909 0.3462340 0.6634700 0.3444282 0.6595858 0.2808015
2 0.5945525 0.3467457 0.6106264 0.6100553 0.6432396 0.6080644 0.6271656 0.3447549
2 0.3422770 0.3875413 0.3583509 0.6508510 0.3909640 0.6488600 0.3748901 0.3855504
2 0.4262835 0.7299511 0.5904090 0.7034103 0.5820130 0.6514900 0.4178875 0.6780308
2 0.4029454 0.3476470 0.5670709 0.3211061 0.5586748 0.2691859 0.3945494 0.2957267
5 0.3780866 0.3366513 0.3584386 0.3398286 0.3611011 0.3562933 0.3807490 0.3531160
