1 0.4134969 0.4627760 0.4038439 0.5291060 0.4311761 0.5330837 0.4408291 0.4667537
1 0.5540826 0.5804069 0.5637356 0.5140767 0.5364034 0.5100991 0.5267504 0.5764293
1 0.4410578 0.4651825 0.4507108 0.3988523 0.4233786 0.3948746 0.4137256 0.4612048
1 0.5639642 0.5125057 0.5736173 0.4461755 0.5462851 0.4421978 0.5366321 0.5085280
1 0.4511225 0.3960239 0.4607755 0.3296937 0.4334433 0.3257161 0.4237903 0.3920462
1 0.5740290 0.4433470 0.5836820 0.3770170 0.5563498 0.3730392 0.5466968 0.4393694
1 0.4608212 0.3293802 0.4704742 0.2630500 0.4431421 0.2590723 0.4334890 0.3254024
1 0.5660486 0.3063956 0.5563954 0.3727255 0.5837276 0.3767033 0.5933807 0.3103732
4 0.3736766 0.2447958 0.3799691 0.2015576 0.3549620 0.1979182 0.3486695 0.2411565
4 0.3806670 0.1967621 0.3869595 0.1535238 0.3619524 0.1498845 0.3556599 0.1931227
0 0.4821028 0.2874350 0.4446970 0.5444653 0.5239105 0.5559933 0.5613163 0.2989630
5 0.3553596 0.2986297 0.3598645 0.2676743 0.3495829 0.2661780 0.3450779 0.2971334
5 0.3447444 0.3715708 0.3492494 0.3406153 0.3389677 0.3391190 0.3344627 0.3700746
5 0.3344966 0.4419869 0.3390017 0.4110315 0.3287200 0.4095352 0.3242150 0.4404905
5 0.3239440 0.5144986 0.3284490 0.4835431 0.3181673 0.4820468 0.3136624 0.5130023
3 0.6254985 0.5975255 0.6159923 0.6628460 0.6454116 0.6671274 0.6549177 0.6018069
3 0.6476164 0.4455442 0.6381102 0.5108647 0.6675295 0.5151461 0.6770356 0.4498256
3 0.6565498 0.5905919 0.6660560 0.5252714 0.6366366 0.5209900 0.6271305 0.5863105
3 0.6786678 0.4386107 0.6881739 0.3732901 0.6587546 0.3690087 0.6492485 0.4343292
3 0.6899769 0.3609015 0.6994830 0.2955809 0.6700637 0.2912995 0.6605576 0.3566201
2 0.6192192 0.5951002 0.6565986 0.3382515 0.6242768 0.3335477 0.5868975 0.5903964
2 0.3759697 0.5014410 0.4133491 0.2445922 0.3810274 0.2398884 0.3436480 0.4967372
2 0.3825180 0.5953199 0.5449137 0.6578477 0.5629175 0.6110888 0.4005217 0.5485609
2 0.4361354 0.2268932 0.5985311 0.2894210 0.6165349 0.2426620 0.4541391 0.1801341
5 0.4283731 0.2084022 0.4076996 0.2004422 0.4018825 0.2155503 0.4225560 0.2235103
