1 0.4509121 0.7046882 0.4523756 0.6370681 0.4235726 0.6364447 0.4221092 0.7040648
1 0.5575231 0.6441108 0.5560597 0.7117310 0.5848626 0.7123542 0.5863259 0.6447341
1 0.4525137 0.6306858 0.4539770 0.5630656 0.4251741 0.5624423 0.4237107 0.6300625
1 0.5864640 0.6383519 0.5879274 0.5707318 0.5591245 0.5701084 0.5576611 0.6377286
1 0.4268052 0.4870697 0.4253419 0.5546898 0.4541448 0.5553131 0.4556082 0.4876930
1 0.5661086 0.5053693 0.5646452 0.5729895 0.5934483 0.5736128 0.5949117 0.5059927
1 0.4557167 0.4826813 0.4571800 0.4150612 0.4283770 0.4144379 0.4269137 0.4820580
1 0.5896670 0.4903474 0.5911304 0.4227273 0.5623275 0.4221039 0.5608642 0.4897241
4 0.3554675 0.3822696 0.3290478 0.3815066 0.3278065 0.4244885 0.3542263 0.4252515
4 0.3566006 0.3299199 0.3301808 0.3291568 0.3289394 0.3721387 0.3553592 0.3729017
0 0.5503315 0.6976597 0.5560568 0.4331012 0.4725361 0.4312937 0.4668109 0.6958522
5 0.3420173 0.4872732 0.3427052 0.4554840 0.3319113 0.4552504 0.3312233 0.4870396
5 0.3402969 0.5667682 0.3409849 0.5349790 0.3301910 0.5347453 0.3295030 0.5665346
5 0.3285301 0.6114885 0.3278422 0.6432776 0.3386361 0.6435112 0.3393241 0.6117220
5 0.3369259 0.7225384 0.3376138 0.6907490 0.3268199 0.6905155 0.3261320 0.7223048
3 0.6614177 0.7063956 0.6599969 0.7720487 0.6909343 0.7727182 0.6923552 0.7070651
3 0.6945189 0.6070811 0.6959397 0.5414281 0.6650022 0.5407586 0.6635814 0.6064116
3 0.6632227 0.6229833 0.6618020 0.6886364 0.6927394 0.6893059 0.6941602 0.6236528
3 0.6963240 0.5236688 0.6977447 0.4580156 0.6668074 0.4573461 0.6653866 0.5229993
3 0.6981568 0.4389773 0.6995776 0.3733242 0.6686402 0.3726547 0.6672193 0.4383078
2 0.6263573 0.4314706 0.6204076 0.7063971 0.6544972 0.7071348 0.6604469 0.4322083
2 0.3893902 0.6919626 0.3953399 0.4170361 0.3612504 0.4162983 0.3553007 0.6912248
2 0.4165550 0.7870323 0.5864657 0.7967564 0.5896304 0.7414585 0.4197197 0.7317344
2 0.4252445 0.3855018 0.5951552 0.3952258 0.5983199 0.3399278 0.4284092 0.3302038
5 0.3828236 0.3853767 0.4025092 0.3865033 0.4035325 0.3686249 0.3838468 0.3674983
