1 0.4485038 0.5968224 0.4488192 0.5341291 0.4215485 0.5339919 0.4212331 0.5966852
1 0.5484909 0.5356842 0.5481754 0.5983774 0.5754462 0.5985147 0.5757617 0.5358214
1 0.4488568 0.5266590 0.4491722 0.4639657 0.4219015 0.4638285 0.4215861 0.5265218
1 0.5757993 0.5283512 0.5761147 0.4656579 0.5488439 0.4655207 0.5485285 0.5282140
1 0.4492163 0.4551964 0.4495318 0.3925031 0.4222610 0.3923659 0.4219456 0.4550592
1 0.5761588 0.4568886 0.5764742 0.3941954 0.5492034 0.3940582 0.5488880 0.4567514
1 0.4226075 0.3235019 0.4222921 0.3861952 0.4495628 0.3863325 0.4498782 0.3236392
1 0.5765052 0.3880247 0.5768207 0.3253314 0.5495499 0.3251942 0.5492345 0.3878875
4 0.3525677 0.3353271 0.3527720 0.2947295 0.3278377 0.2946041 0.3276334 0.3352016
4 0.3528174 0.2856930 0.3530217 0.2450955 0.3280874 0.2449700 0.3278832 0.2855676
0 0.4646842 0.3371507 0.4634349 0.5854394 0.5425227 0.5858374 0.5437719 0.3375486
5 0.3419850 0.3947738 0.3421344 0.3650938 0.3319239 0.3650424 0.3317745 0.3947225
5 0.3315446 0.4404137 0.3313953 0.4700935 0.3416058 0.4701448 0.3417552 0.4404650
5 0.3412398 0.5429068 0.3413891 0.5132269 0.3311786 0.5131756 0.3310293 0.5428554
5 0.3408628 0.6178342 0.3410122 0.5881544 0.3308016 0.5881030 0.3306523 0.6177828
3 0.6768177 0.6506438 0.6771251 0.5895236 0.6478481 0.5893762 0.6475406 0.6504965
3 0.6776078 0.4935994 0.6779153 0.4324791 0.6486382 0.4323318 0.6483307 0.4934521
3 0.6772155 0.5715586 0.6775230 0.5104383 0.6482460 0.5102910 0.6479385 0.5714113
3 0.6780056 0.4145141 0.6783131 0.3533939 0.6490362 0.3532466 0.6487287 0.4143668
3 0.6494402 0.2729486 0.6491327 0.3340688 0.6784096 0.3342161 0.6787171 0.2730958
2 0.6103238 0.3301786 0.6090156 0.5901930 0.6412982 0.5903555 0.6426064 0.3303410
2 0.3900611 0.5870062 0.3913693 0.3269918 0.3590867 0.3268294 0.3577785 0.5868438
2 0.4185140 0.6758308 0.5784826 0.6779633 0.5791829 0.6254332 0.4192143 0.6233007
2 0.4204294 0.2951301 0.5803980 0.2972625 0.5810983 0.2447323 0.4211297 0.2425999
5 0.3794687 0.2963911 0.3976929 0.2966341 0.3979164 0.2798746 0.3796921 0.2796316
