1 0.4339387 0.6475766 0.4443281 0.5789289 0.4156703 0.5745918 0.4052809 0.6432394
1 0.5625609 0.6991388 0.5729502 0.6304911 0.5442924 0.6261540 0.5339031 0.6948017
1 0.4446985 0.5764813 0.4550879 0.5078338 0.4264301 0.5034966 0.4160407 0.5721442
1 0.5733206 0.6280435 0.5837100 0.5593959 0.5550523 0.5550588 0.5446629 0.6237063
1 0.4556576 0.5040696 0.4660470 0.4354220 0.4373891 0.4310848 0.4269998 0.4997324
1 0.4662181 0.4342911 0.4766074 0.3656435 0.4479496 0.3613064 0.4375603 0.4299539
1 0.5765718 0.4128686 0.5661824 0.4815162 0.5948402 0.4858534 0.6052296 0.4172057
4 0.3751377 0.3456193 0.3819857 0.3003712 0.3557791 0.2964050 0.3489310 0.3416530
4 0.3827493 0.2953261 0.3895972 0.2500780 0.3633906 0.2461118 0.3565426 0.2913599
0 0.5309849 0.6735469 0.5717217 0.4043785 0.4886248 0.3918024 0.4478880 0.6609707
5 0.3556139 0.4015797 0.3604874 0.3693775 0.3497454 0.3677518 0.3448718 0.3999540
5 0.3381870 0.4441238 0.3333133 0.4763262 0.3440554 0.4779519 0.3489291 0.4457496
5 0.3328972 0.5516801 0.3377708 0.5194778 0.3270287 0.5178521 0.3221551 0.5500544
5 0.3214068 0.6276028 0.3262804 0.5954004 0.3155383 0.5937747 0.3106647 0.6259770
3 0.6576515 0.7925587 0.6679631 0.7244248 0.6371776 0.7197657 0.6268660 0.7878994
3 0.6817349 0.6334285 0.6920465 0.5652947 0.6612610 0.5606355 0.6509494 0.6287693
3 0.6493057 0.6396301 0.6389941 0.7077638 0.6697796 0.7124230 0.6800912 0.6442893
3 0.6938629 0.5532928 0.7041744 0.4851590 0.6733890 0.4804999 0.6630774 0.5486337
3 0.6857029 0.3991355 0.6753913 0.4672692 0.7061768 0.4719284 0.7164884 0.4037946
2 0.6306101 0.7167712 0.6713449 0.4476165 0.6374288 0.4424835 0.5966941 0.7116383
2 0.3828673 0.3404345 0.3421326 0.6095892 0.3760486 0.6147222 0.4167833 0.3455675
2 0.5717658 0.7328352 0.4015622 0.6646037 0.3820609 0.7132496 0.5522646 0.7814810
2 0.4404427 0.3274927 0.6106463 0.3957241 0.6301475 0.3470783 0.4599439 0.2788468
5 0.4048845 0.3152834 0.4265176 0.3239556 0.4327201 0.3084835 0.4110870 0.2998112
