1 0.4539448 0.5991790 0.4549597 0.5334723 0.4266857 0.5330356 0.4256708 0.5987423
1 0.5855104 0.6045631 0.5865253 0.5388563 0.5582513 0.5384195 0.5572364 0.6041263
1 0.4278088 0.4603271 0.4267939 0.5260340 0.4550678 0.5264707 0.4560827 0.4607639
1 0.5593744 0.4657111 0.5583595 0.5314180 0.5866334 0.5318547 0.5876483 0.4661478
1 0.4289527 0.3862725 0.4279377 0.4519792 0.4562117 0.4524159 0.4572266 0.3867092
1 0.5877773 0.4578000 0.5887921 0.3920931 0.5605181 0.3916564 0.5595033 0.4573632
1 0.4573139 0.3810541 0.4583288 0.3153473 0.4300549 0.3149105 0.4290399 0.3806174
1 0.5888795 0.3864381 0.5898944 0.3207314 0.5616204 0.3202947 0.5606055 0.3860014
4 0.3573274 0.3251265 0.3579782 0.2829872 0.3321267 0.2825879 0.3314759 0.3247272
4 0.3581218 0.2736920 0.3587727 0.2315528 0.3329212 0.2311535 0.3322703 0.2732927
0 0.5515217 0.5903601 0.5555196 0.3315246 0.4735227 0.3302581 0.4695247 0.5890936
5 0.3356084 0.3552961 0.3351294 0.3863111 0.3457157 0.3864745 0.3461947 0.3554596
5 0.3344021 0.4334010 0.3339230 0.4644160 0.3445093 0.4645795 0.3449884 0.4335645
5 0.3332374 0.5088022 0.3327584 0.5398172 0.3433447 0.5399808 0.3438237 0.5089657
5 0.3421454 0.6176260 0.3426244 0.5866109 0.3320381 0.5864474 0.3315591 0.6174624
3 0.6606631 0.5968257 0.6596749 0.6608046 0.6900293 0.6612735 0.6910175 0.5972946
3 0.6631768 0.4340850 0.6621886 0.4980638 0.6925429 0.4985327 0.6935312 0.4345538
3 0.6912951 0.5793197 0.6922833 0.5153407 0.6619290 0.5148718 0.6609408 0.5788509
3 0.6938087 0.4165788 0.6947969 0.3525999 0.6644425 0.3521310 0.6634544 0.4161100
3 0.6657279 0.2689204 0.6647397 0.3328994 0.6950940 0.3333682 0.6960822 0.2693893
2 0.6538634 0.5976461 0.6580318 0.3277764 0.6245617 0.3272595 0.6203933 0.5971292
2 0.3934765 0.5869904 0.3976448 0.3171207 0.3641747 0.3166038 0.3600064 0.5864735
2 0.5899085 0.6323331 0.4234256 0.6255202 0.4212000 0.6799051 0.5876830 0.6867180
2 0.4272936 0.2853953 0.5937765 0.2922082 0.5960020 0.2378233 0.4295191 0.2310104
5 0.3853465 0.2855521 0.4045048 0.2863361 0.4052188 0.2688898 0.3860604 0.2681057
