1 0.4270296 0.5850989 0.4267697 0.6488571 0.4547241 0.6489711 0.4549840 0.5852128
1 0.5571585 0.5865039 0.5568986 0.6502622 0.5848530 0.6503761 0.5851129 0.5866178
1 0.4550173 0.5770403 0.4552772 0.5132821 0.4273228 0.5131681 0.4270629 0.5769264
1 0.5851462 0.5784454 0.5854061 0.5146871 0.5574517 0.5145732 0.5571918 0.5783315
1 0.4276215 0.4399055 0.4273615 0.5036638 0.4553159 0.5037777 0.4555759 0.4400194
1 0.5854448 0.5051827 0.5857047 0.4414244 0.5577503 0.4413105 0.5574904 0.5050688
1 0.4556037 0.4331791 0.4558636 0.3694209 0.4279092 0.3693069 0.4276493 0.4330652
1 0.5857325 0.4345843 0.5859924 0.3708259 0.5580380 0.3707120 0.5577781 0.4344703
4 0.3561224 0.3816816 0.3562916 0.3401573 0.3307326 0.3400532 0.3305634 0.3815774
4 0.3563298 0.3307974 0.3564990 0.2892732 0.3309400 0.2891690 0.3307708 0.3306932
0 0.4710547 0.3832147 0.4700189 0.6373303 0.5510902 0.6376607 0.5521260 0.3835452
5 0.3453331 0.4425553 0.3454564 0.4122918 0.3349907 0.4122492 0.3348674 0.4425126
5 0.3346758 0.4895188 0.3345524 0.5197822 0.3450181 0.5198249 0.3451415 0.4895614
5 0.3343717 0.5641134 0.3342484 0.5943769 0.3447140 0.5944196 0.3448374 0.5641561
5 0.3340586 0.6409282 0.3339353 0.6711917 0.3444010 0.6712344 0.3445244 0.6409708
3 0.6888164 0.7039367 0.6890706 0.6415593 0.6590610 0.6414369 0.6588067 0.7038143
3 0.6597172 0.4804368 0.6594630 0.5428141 0.6894726 0.5429364 0.6897268 0.4805591
3 0.6593915 0.5603597 0.6591372 0.6227370 0.6891469 0.6228593 0.6894011 0.5604820
3 0.6898031 0.4618591 0.6900573 0.3994818 0.6600477 0.3993595 0.6597934 0.4617368
3 0.6603833 0.3170390 0.6601290 0.3794162 0.6901386 0.3795385 0.6903929 0.3171613
2 0.6203413 0.3756739 0.6192549 0.6421992 0.6523474 0.6423341 0.6534337 0.3758088
2 0.3948039 0.6395533 0.3958903 0.3730280 0.3627978 0.3728931 0.3617114 0.6394184
2 0.4241313 0.7305341 0.5880527 0.7323040 0.5886342 0.6784486 0.4247128 0.6766788
2 0.4257221 0.3402442 0.5896436 0.3420140 0.5902250 0.2881585 0.4263036 0.2863887
5 0.4025285 0.3248133 0.3838710 0.3246118 0.3836868 0.3416623 0.4023444 0.3418638
