1 0.4419557 0.5632282 0.4486351 0.4943881 0.4200965 0.4916191 0.4134171 0.5604591
1 0.5727265 0.5968069 0.5794058 0.5279667 0.5508672 0.5251977 0.5441879 0.5940380
1 0.4489655 0.4909837 0.4556448 0.4221436 0.4271062 0.4193745 0.4204268 0.4882147
1 0.5797361 0.5245625 0.5864155 0.4557223 0.5578769 0.4529533 0.5511975 0.5217934
1 0.4561049 0.4174014 0.4627843 0.3485613 0.4342457 0.3457923 0.4275663 0.4146324
1 0.5868757 0.4509801 0.5935551 0.3821401 0.5650164 0.3793710 0.5583370 0.4482111
1 0.4629848 0.3464949 0.4696642 0.2776548 0.4411255 0.2748858 0.4344462 0.3437259
1 0.5937555 0.3800737 0.6004349 0.3112335 0.5718963 0.3084645 0.5652169 0.3773046
4 0.3756587 0.2889993 0.3799779 0.2444845 0.3538754 0.2419519 0.3495562 0.2864667
4 0.3727615 0.2180342 0.3770806 0.1735196 0.3509781 0.1709870 0.3466590 0.2155016
0 0.4832321 0.2994990 0.4572622 0.5671538 0.5399988 0.5751815 0.5659686 0.3075268
5 0.3436846 0.2945589 0.3405587 0.3267756 0.3512698 0.3278149 0.3543957 0.2955982
5 0.3437398 0.4054215 0.3468658 0.3732049 0.3361547 0.3721656 0.3330287 0.4043822
5 0.3364706 0.4803417 0.3395964 0.4481250 0.3288853 0.4470857 0.3257595 0.4793024
5 0.3213997 0.5242356 0.3182738 0.5564523 0.3289849 0.5574915 0.3321108 0.5252749
3 0.6482712 0.6051409 0.6417283 0.6725750 0.6724076 0.6755517 0.6789505 0.6081176
3 0.6639608 0.4434384 0.6574178 0.5108724 0.6880971 0.5138491 0.6946400 0.4464151
3 0.6803085 0.5941206 0.6868516 0.5266865 0.6561723 0.5237098 0.6496292 0.5911438
3 0.6718619 0.3620074 0.6653188 0.4294413 0.6959981 0.4324180 0.7025412 0.3649841
3 0.6798840 0.2793276 0.6733410 0.3467616 0.7040203 0.3497384 0.7105632 0.2823044
2 0.6415165 0.6038680 0.6678502 0.3324618 0.6340848 0.3291856 0.6077511 0.6005919
2 0.3827026 0.5374110 0.4090364 0.2660047 0.3752710 0.2627285 0.3489372 0.5341347
2 0.3969244 0.6350606 0.5673676 0.6788262 0.5807231 0.6268137 0.4102799 0.5830480
2 0.4349584 0.2430679 0.6054016 0.2868335 0.6187571 0.2348208 0.4483139 0.1910553
5 0.4222112 0.2237743 0.4011683 0.2183709 0.3968499 0.2351883 0.4178928 0.2405917
