1 0.4239688 0.6393853 0.4266929 0.7032443 0.4538012 0.7020879 0.4510771 0.6382289
1 0.5497571 0.6251800 0.5524812 0.6890391 0.5795895 0.6878827 0.5768654 0.6240237
1 0.4210036 0.5698717 0.4237276 0.6337308 0.4508359 0.6325744 0.4481119 0.5687153
1 0.5766242 0.6183692 0.5739001 0.5545102 0.5467918 0.5556666 0.5495158 0.6195256
1 0.4478157 0.5617739 0.4450917 0.4979147 0.4179834 0.4990711 0.4207074 0.5629302
1 0.5437717 0.4848658 0.5464958 0.5487249 0.5736040 0.5475686 0.5708800 0.4837095
1 0.4449054 0.4935477 0.4421814 0.4296886 0.4150731 0.4308450 0.4177971 0.4947041
1 0.5706937 0.4793425 0.5679697 0.4154834 0.5408614 0.4166397 0.5435855 0.4804989
4 0.3464511 0.4554952 0.3446733 0.4138184 0.3198843 0.4148757 0.3216621 0.4565526
4 0.3443535 0.4063210 0.3425757 0.3646442 0.3177866 0.3657016 0.3195644 0.4073784
0 0.5465491 0.6832445 0.5358516 0.4324651 0.4572456 0.4358182 0.4679431 0.6865976
5 0.3273089 0.4852036 0.3285917 0.5152783 0.3387512 0.5148449 0.3374683 0.4847702
5 0.3419366 0.5895178 0.3406536 0.5594431 0.3304941 0.5598766 0.3317771 0.5899512
5 0.3335692 0.6319644 0.3348521 0.6620392 0.3450116 0.6616058 0.3437287 0.6315311
5 0.3367358 0.7061979 0.3380187 0.7362726 0.3481781 0.7358392 0.3468953 0.7057645
3 0.6824774 0.7275465 0.6798171 0.6651838 0.6506990 0.6664259 0.6533593 0.7287886
3 0.6293661 0.5089653 0.6320264 0.5713279 0.6611444 0.5700858 0.6584842 0.5077232
3 0.6791351 0.6491938 0.6764749 0.5868311 0.6473568 0.5880732 0.6500170 0.6504358
3 0.6724980 0.4936039 0.6698378 0.4312413 0.6407198 0.4324834 0.6433800 0.4948460
3 0.6373262 0.3529292 0.6399865 0.4152918 0.6691045 0.4140497 0.6664443 0.3516871
2 0.6444414 0.6722083 0.6333903 0.4131427 0.6013068 0.4145113 0.6123579 0.6735770
2 0.3523540 0.4426255 0.3634050 0.7016911 0.3954885 0.7003225 0.3844375 0.4412569
2 0.5836511 0.7128232 0.4227909 0.7309891 0.4286227 0.7826306 0.5894830 0.7644647
2 0.4125335 0.4054562 0.5733938 0.3872902 0.5675619 0.3356488 0.4067016 0.3538147
5 0.3713796 0.4121571 0.3903632 0.4100134 0.3884908 0.3934323 0.3695071 0.3955760
