1 0.4201948 0.5372649 0.4143351 0.6041555 0.4424763 0.6066208 0.4483360 0.5397302
1 0.5718334 0.6366360 0.5776932 0.5697454 0.5495520 0.5672802 0.5436923 0.6341708
1 0.4487397 0.5351216 0.4545994 0.4682310 0.4264582 0.4657658 0.4205985 0.5326564
1 0.5780968 0.5651368 0.5839565 0.4982463 0.5558153 0.4957811 0.5499557 0.5626717
1 0.4328376 0.3929427 0.4269779 0.4598333 0.4551191 0.4622985 0.4609788 0.3954079
1 0.5621948 0.4229579 0.5563351 0.4898486 0.5844762 0.4923137 0.5903360 0.4254231
1 0.4612665 0.3921235 0.4671262 0.3252330 0.4389850 0.3227678 0.4331253 0.3896583
1 0.5683423 0.3527829 0.5624826 0.4196736 0.5906237 0.4221388 0.5964834 0.3552481
4 0.3665698 0.3188725 0.3703878 0.2752878 0.3446555 0.2730336 0.3408374 0.3166183
4 0.3710005 0.2682936 0.3748186 0.2247089 0.3490863 0.2224547 0.3452682 0.2660393
0 0.4807615 0.3460611 0.4577064 0.6092428 0.5393112 0.6163914 0.5623662 0.3532098
5 0.3507840 0.3770824 0.3535430 0.3455871 0.3430000 0.3446635 0.3402410 0.3761588
5 0.3362717 0.4214695 0.3335126 0.4529648 0.3440557 0.4538884 0.3468147 0.4223931
5 0.3375603 0.5280355 0.3403193 0.4965402 0.3297763 0.4956166 0.3270172 0.5271119
5 0.3308716 0.6043894 0.3336307 0.5728941 0.3230876 0.5719705 0.3203286 0.6034658
3 0.6708505 0.7125887 0.6766220 0.6467047 0.6464000 0.6440572 0.6406284 0.7099412
3 0.6710628 0.4957340 0.6652913 0.5616181 0.6955134 0.5642656 0.7012848 0.4983815
3 0.6534598 0.5634663 0.6476883 0.6293504 0.6779103 0.6319979 0.6836818 0.5661137
3 0.6919295 0.4719636 0.6977010 0.4060795 0.6674790 0.4034320 0.6617075 0.4693161
3 0.6990976 0.3901369 0.7048692 0.3242528 0.6746472 0.3216053 0.6688756 0.3874894
2 0.6299034 0.3716431 0.6064051 0.6398849 0.6397135 0.6428028 0.6632118 0.3745609
2 0.3836973 0.5833984 0.4071955 0.3151564 0.3738872 0.3122386 0.3503889 0.5804806
2 0.5793390 0.6667155 0.4112414 0.6277112 0.3992143 0.6795448 0.5673118 0.7185491
2 0.4331991 0.2915965 0.6012965 0.3306007 0.6133237 0.2787669 0.4452262 0.2397627
5 0.3951936 0.2846568 0.4157539 0.2894275 0.4195878 0.2729049 0.3990275 0.2681342
