1 0.4189188 0.6487266 0.4207708 0.7145486 0.4487388 0.7137616 0.4468868 0.6479397
1 0.5787349 0.7040856 0.5768828 0.6382637 0.5489149 0.6390507 0.5507669 0.7048725
1 0.4168980 0.5769062 0.4187500 0.6427281 0.4467180 0.6419412 0.4448660 0.5761193
1 0.5767141 0.6322652 0.5748621 0.5664433 0.5468941 0.5672302 0.5487461 0.6330521
1 0.4446598 0.5687909 0.4428078 0.5029689 0.4148399 0.5037558 0.4166918 0.5695778
1 0.5746559 0.5591149 0.5728039 0.4932929 0.5448360 0.4940798 0.5466880 0.5599018
1 0.4128565 0.4332655 0.4147085 0.4990875 0.4426765 0.4983006 0.4408245 0.4324786
1 0.5428527 0.4235895 0.5447046 0.4894115 0.5726725 0.4886246 0.5708206 0.4228026
4 0.3416695 0.4553720 0.3404686 0.4126896 0.3148934 0.4134091 0.3160943 0.4560916
4 0.3402400 0.4045658 0.3390391 0.3618832 0.3134639 0.3626028 0.3146648 0.4052854
0 0.5446786 0.6967269 0.5374325 0.4391882 0.4563339 0.4414700 0.4635800 0.6990087
5 0.3328437 0.5164792 0.3319727 0.4855245 0.3214909 0.4858195 0.3223619 0.5167741
5 0.3236617 0.5629705 0.3245327 0.5939252 0.3350144 0.5936304 0.3341435 0.5626756
5 0.3257573 0.6374509 0.3266282 0.6684057 0.3371100 0.6681107 0.3362390 0.6371560
5 0.3392679 0.7448077 0.3383970 0.7138530 0.3279152 0.7141479 0.3287862 0.7451026
3 0.6524563 0.6859282 0.6542565 0.7499102 0.6842982 0.7490649 0.6824980 0.6850830
3 0.6479334 0.5251749 0.6497335 0.5891567 0.6797752 0.5883115 0.6779751 0.5243296
3 0.6501787 0.6049752 0.6519789 0.6689571 0.6820205 0.6681118 0.6802203 0.6041299
3 0.6456556 0.4442218 0.6474559 0.5082037 0.6774976 0.5073584 0.6756973 0.4433765
3 0.6433430 0.3620274 0.6451432 0.4260094 0.6751849 0.4251641 0.6733847 0.3611822
2 0.6052623 0.4242188 0.6127769 0.6912999 0.6458778 0.6903687 0.6383632 0.4232874
2 0.3479815 0.4433690 0.3554961 0.7104502 0.3885969 0.7095188 0.3810823 0.4424376
2 0.4214091 0.7964277 0.5867233 0.7841229 0.5827343 0.7305305 0.4174201 0.7428353
2 0.5717700 0.3408387 0.4064558 0.3531435 0.4104448 0.4067358 0.5757590 0.3944312
5 0.3680303 0.4121163 0.3872904 0.4106828 0.3860017 0.3933690 0.3667417 0.3948025
