1 0.4153264 0.5712442 0.4256614 0.5050614 0.3981231 0.5007611 0.3877882 0.5669439
1 0.5298504 0.5737233 0.5195153 0.6399061 0.5470535 0.6442064 0.5573885 0.5780237
1 0.4343877 0.5250524 0.4447227 0.4588698 0.4171844 0.4545694 0.4068495 0.5207521
1 0.5576963 0.5760525 0.5680314 0.5098697 0.5404932 0.5055693 0.5301582 0.5717522
1 0.4452275 0.4556366 0.4555625 0.3894538 0.4280243 0.3851535 0.4176894 0.4513363
1 0.5685362 0.5066366 0.5788712 0.4404538 0.5513330 0.4361535 0.5409980 0.5023363
1 0.4384700 0.3182619 0.4281350 0.3844447 0.4556732 0.3887450 0.4660082 0.3225622
1 0.5789819 0.4397449 0.5893168 0.3735622 0.5617786 0.3692619 0.5514437 0.4354447
4 0.3686564 0.3019431 0.3754579 0.2583876 0.3502736 0.2544549 0.3434720 0.2980103
4 0.3761852 0.2537305 0.3829867 0.2101751 0.3578024 0.2062423 0.3510008 0.2497977
0 0.4774229 0.3478925 0.4370244 0.6065948 0.5168698 0.6190633 0.5572683 0.3603610
5 0.3496585 0.3555769 0.3545012 0.3245654 0.3441743 0.3229527 0.3393316 0.3539642
5 0.3327416 0.3961652 0.3278989 0.4271766 0.3382258 0.4287893 0.3430685 0.3977778
5 0.3271888 0.4994673 0.3320315 0.4684559 0.3217046 0.4668432 0.3168620 0.4978547
5 0.3103392 0.5396247 0.3054965 0.5706362 0.3158235 0.5722488 0.3206661 0.5412374
3 0.6187042 0.6643469 0.6084583 0.7299591 0.6380482 0.7345798 0.6482941 0.6689677
3 0.6618696 0.5820332 0.6721155 0.5164211 0.6425256 0.5118003 0.6322797 0.5774125
3 0.6307003 0.5875268 0.6204544 0.6531389 0.6500443 0.6577596 0.6602902 0.5921475
3 0.6738658 0.5052129 0.6841117 0.4396008 0.6545218 0.4349802 0.6442759 0.5005922
3 0.6860458 0.4272147 0.6962917 0.3616025 0.6667018 0.3569818 0.6564559 0.4225940
2 0.6124122 0.6614298 0.6527306 0.4032400 0.6201429 0.3981511 0.5798244 0.6563409
2 0.3760975 0.2972147 0.3357791 0.5554045 0.3683668 0.5604935 0.4086853 0.3023036
2 0.3734947 0.6551270 0.5368489 0.7226897 0.5560362 0.6762983 0.3926820 0.6087357
2 0.4312417 0.2853298 0.5945958 0.3528925 0.6137832 0.3065010 0.4504290 0.2389383
5 0.4242180 0.2669524 0.4033880 0.2583371 0.3972634 0.2731451 0.4180935 0.2817604
