1 0.4176872 0.5268484 0.4220998 0.5952384 0.4507979 0.5933868 0.4463854 0.5249969
1 0.5503245 0.5041982 0.5547370 0.5725881 0.5834351 0.5707365 0.5790226 0.5023466
1 0.4129586 0.4535606 0.4173713 0.5219505 0.4460694 0.5200989 0.4416568 0.4517090
1 0.5455959 0.4309103 0.5500084 0.4993002 0.5787064 0.4974486 0.5742940 0.4290587
1 0.4412532 0.4454538 0.4368407 0.3770639 0.4081426 0.3789155 0.4125551 0.4473054
1 0.5407797 0.3562653 0.5451924 0.4246553 0.5738904 0.4228036 0.5694778 0.3544137
1 0.4035016 0.3069848 0.4079141 0.3753749 0.4366122 0.3735233 0.4321997 0.3051332
1 0.5361388 0.2843347 0.5405513 0.3527246 0.5692494 0.3508731 0.5648369 0.2824831
4 0.3315885 0.3377128 0.3287057 0.2930321 0.3024603 0.2947254 0.3053431 0.3394062
4 0.3282435 0.2858685 0.3253607 0.2411878 0.2991153 0.2428812 0.3019981 0.2875618
0 0.5485007 0.5693425 0.5312538 0.3020320 0.4480462 0.3074005 0.4652932 0.5747111
5 0.3119566 0.3693850 0.3140287 0.4015003 0.3247916 0.4008060 0.3227195 0.3686906
5 0.3298711 0.4795334 0.3277991 0.4474180 0.3170361 0.4481125 0.3191082 0.4802278
5 0.3219398 0.5241147 0.3240120 0.5562299 0.3347749 0.5555356 0.3327027 0.5234202
5 0.3269894 0.6023788 0.3290616 0.6344941 0.3398244 0.6337997 0.3377523 0.6016843
3 0.6578995 0.5406704 0.6622127 0.6075196 0.6930506 0.6055300 0.6887375 0.5386807
3 0.6473158 0.3766323 0.6516289 0.4434816 0.6824669 0.4414920 0.6781538 0.3746427
3 0.6877208 0.5229229 0.6834077 0.4560736 0.6525697 0.4580632 0.6568829 0.5249125
3 0.6771371 0.3588848 0.6728239 0.2920356 0.6419860 0.2940252 0.6462991 0.3608745
3 0.6717254 0.2750110 0.6674122 0.2081618 0.6365742 0.2101516 0.6408874 0.2770007
2 0.5999247 0.2775195 0.6176046 0.5515397 0.6515643 0.5493486 0.6338844 0.2753284
2 0.3890564 0.5941767 0.3713765 0.3201565 0.3374169 0.3223476 0.3550968 0.5963677
2 0.4261430 0.6780694 0.5971318 0.6488698 0.5879260 0.5949618 0.4169371 0.6241613
2 0.5622693 0.1973076 0.3912804 0.2265070 0.4004862 0.2804151 0.5714750 0.2512158
5 0.3685277 0.2653538 0.3891091 0.2618392 0.3861426 0.2444679 0.3655612 0.2479825
