1 0.4342821 0.5362844 0.4443550 0.6058582 0.4730959 0.6016971 0.4630231 0.5321233
1 0.5635898 0.4867353 0.5736626 0.5563091 0.6024036 0.5521480 0.5923308 0.4825742
1 0.4627517 0.5302491 0.4526789 0.4606753 0.4239379 0.4648364 0.4340107 0.5344102
1 0.5920594 0.4807000 0.5819866 0.4111263 0.5532457 0.4152873 0.5633184 0.4848611
1 0.5815238 0.4079290 0.5714509 0.3383553 0.5427099 0.3425165 0.5527828 0.4120901
1 0.4420634 0.3873534 0.4319906 0.3177796 0.4032496 0.3219407 0.4133224 0.3915145
1 0.5325574 0.2723916 0.5426302 0.3419654 0.5713711 0.3378043 0.5612984 0.2682305
4 0.3354177 0.3726699 0.3287604 0.3266877 0.3024678 0.3304943 0.3091251 0.3764766
4 0.3281002 0.3221273 0.3214429 0.2761450 0.2951502 0.2799516 0.3018075 0.3259339
0 0.5687530 0.5646684 0.5296266 0.2944191 0.4463197 0.3064802 0.4854461 0.5767295
5 0.3179017 0.4043041 0.3226083 0.4368122 0.3334103 0.4352483 0.3287037 0.4027402
5 0.3290136 0.4810551 0.3337201 0.5135632 0.3445221 0.5119993 0.3398156 0.4794912
5 0.3397409 0.5551492 0.3444474 0.5876573 0.3552494 0.5860934 0.3505429 0.5535853
5 0.3507875 0.6314484 0.3554939 0.6639565 0.3662959 0.6623926 0.3615895 0.6298845
3 0.6726314 0.5003369 0.6825640 0.5689421 0.7134845 0.5644654 0.7035519 0.4958603
3 0.6903315 0.4045458 0.6803989 0.3359406 0.6494784 0.3404172 0.6594110 0.4090224
3 0.7018249 0.4839323 0.6918924 0.4153270 0.6609719 0.4198036 0.6709045 0.4884088
3 0.6786720 0.3240125 0.6687394 0.2554074 0.6378189 0.2598840 0.6477515 0.3284891
3 0.6259806 0.1781159 0.6359132 0.2467211 0.6668336 0.2422444 0.6569010 0.1736393
2 0.5949996 0.2521587 0.6341245 0.5223977 0.6681190 0.5174760 0.6289940 0.2472370
2 0.4122006 0.6155407 0.3730757 0.3453017 0.3390813 0.3502234 0.3782062 0.6204624
2 0.4555411 0.6869136 0.6263683 0.6214547 0.6075016 0.5722184 0.4366743 0.6376774
2 0.3994144 0.2992429 0.5702418 0.2337840 0.5513750 0.1845477 0.3805477 0.2500067
5 0.3564399 0.3176516 0.3781576 0.3093297 0.3720799 0.2934687 0.3503622 0.3017906
