1 0.4308108 0.5375153 0.4409372 0.4711859 0.4136091 0.4670138 0.4034827 0.5333431
1 0.5360998 0.5164931 0.5259734 0.5828226 0.5533015 0.5869948 0.5634279 0.5206653
1 0.4411422 0.4698431 0.4512686 0.4035136 0.4239405 0.3993415 0.4138141 0.4656709
1 0.5636329 0.5193225 0.5737593 0.4529931 0.5464312 0.4488210 0.5363048 0.5151504
1 0.4516649 0.4009177 0.4617914 0.3345883 0.4344632 0.3304161 0.4243368 0.3967455
1 0.5741556 0.4503973 0.5842820 0.3840678 0.5569538 0.3798957 0.5468275 0.4462252
1 0.4446033 0.2639973 0.4344769 0.3303267 0.4618050 0.3344988 0.4719314 0.2681694
1 0.5842957 0.3839782 0.5944222 0.3176488 0.5670940 0.3134767 0.5569676 0.3798061
4 0.3752930 0.2484651 0.3819023 0.2051734 0.3568989 0.2013562 0.3502896 0.2446479
4 0.3826016 0.2005934 0.3892108 0.1573017 0.3642074 0.1534845 0.3575982 0.1967762
0 0.5233170 0.5620669 0.5625440 0.3051242 0.4833424 0.2930326 0.4441153 0.5499753
5 0.3566289 0.3019227 0.3613533 0.2709777 0.3510732 0.2694082 0.3463488 0.3003533
5 0.3403721 0.3745947 0.3557361 0.3483278 0.3451335 0.3421261 0.3297695 0.3683931
5 0.3292609 0.4122817 0.3245365 0.4432269 0.3348167 0.4447963 0.3395410 0.4138511
5 0.3237838 0.5170634 0.3285081 0.4861181 0.3182280 0.4845487 0.3135037 0.5154939
3 0.6439711 0.6752973 0.6539516 0.6099236 0.6245367 0.6054329 0.6145562 0.6708065
3 0.6476612 0.4539642 0.6376808 0.5193380 0.6670957 0.5238287 0.6770761 0.4584549
3 0.6361819 0.5291555 0.6262015 0.5945293 0.6556163 0.5990199 0.6655968 0.5336462
3 0.6787407 0.4475514 0.6887212 0.3821777 0.6593064 0.3776869 0.6493259 0.4430606
3 0.6905644 0.3701045 0.7005450 0.3047307 0.6711301 0.3002400 0.6611495 0.3656138
2 0.6250908 0.3416639 0.5859717 0.5978992 0.6182886 0.6028329 0.6574076 0.3465977
2 0.3758622 0.5049061 0.4149812 0.2486706 0.3826643 0.2437369 0.3435453 0.4999723
2 0.3814382 0.5987413 0.5435629 0.6642307 0.5622450 0.6179817 0.4001202 0.5524923
2 0.4374956 0.2315574 0.5996204 0.2970469 0.6183025 0.2507978 0.4561776 0.1853083
5 0.4035589 0.2196980 0.4242714 0.2280648 0.4303061 0.2131253 0.4095936 0.2047586
