1 0.4768281 0.6208333 0.4642330 0.5500630 0.4349233 0.5552793 0.4475184 0.6260496
1 0.5646933 0.4941322 0.5772883 0.5649025 0.6065980 0.5596862 0.5940030 0.4889159
1 0.4221603 0.4835665 0.4347555 0.5543368 0.4640652 0.5491204 0.4514701 0.4783502
1 0.5519304 0.4224194 0.5645255 0.4931897 0.5938352 0.4879734 0.5812401 0.4172031
1 0.4091611 0.4105257 0.4217563 0.4812961 0.4510660 0.4760797 0.4384709 0.4053094
1 0.5389313 0.3493786 0.5515264 0.4201490 0.5808361 0.4149327 0.5682409 0.3441623
1 0.3966347 0.3401411 0.4092298 0.4109113 0.4385396 0.4056950 0.4259444 0.3349248
1 0.5264047 0.2789939 0.5389999 0.3497642 0.5683097 0.3445478 0.5557145 0.2737775
4 0.3297358 0.3995894 0.3213579 0.3525150 0.2945462 0.3572868 0.3029241 0.4043611
4 0.3207073 0.3488593 0.3123294 0.3017850 0.2855176 0.3065568 0.2938955 0.3536311
0 0.5733070 0.5779817 0.5243728 0.3030267 0.4394136 0.3181470 0.4883478 0.5931020
5 0.3295867 0.4628335 0.3237054 0.4297871 0.3126932 0.4317470 0.3185745 0.4647934
5 0.3264033 0.5087826 0.3322847 0.5418289 0.3432969 0.5398690 0.3374155 0.5068227
5 0.3442562 0.6153568 0.3630183 0.5903690 0.3519151 0.5820322 0.3331530 0.6070199
5 0.3532683 0.6597334 0.3591496 0.6927797 0.3701618 0.6908199 0.3642805 0.6577736
3 0.6758551 0.4987066 0.6883342 0.5688251 0.7198609 0.5632142 0.7073818 0.4930958
3 0.6472884 0.3381940 0.6597675 0.4083126 0.6912943 0.4027017 0.6788151 0.3325831
3 0.7054752 0.4823824 0.6929960 0.4122640 0.6614693 0.4178748 0.6739485 0.4879933
3 0.6329027 0.2573622 0.6453817 0.3274807 0.6769085 0.3218699 0.6644294 0.2517514
3 0.6182964 0.1752910 0.6307755 0.2454095 0.6623021 0.2397987 0.6498231 0.1696802
2 0.5891522 0.2530277 0.6376449 0.5255024 0.6723146 0.5193322 0.6238218 0.2468575
2 0.4154812 0.6403510 0.3669883 0.3678763 0.3323187 0.3740465 0.3808115 0.6465212
2 0.4617215 0.7076701 0.6344310 0.6262901 0.6119903 0.5786650 0.4392807 0.6600450
2 0.5427402 0.1895571 0.3700307 0.2709371 0.3924714 0.3185622 0.5651810 0.2371821
5 0.3491994 0.3409529 0.3714921 0.3304488 0.3642880 0.3151597 0.3419954 0.3256639
