1 0.4184284 0.6334238 0.4231739 0.7009712 0.4516653 0.6989695 0.4469198 0.6314221
1 0.5499587 0.6089532 0.5547043 0.6765007 0.5831957 0.6744990 0.5784502 0.6069515
1 0.4465581 0.6262736 0.4418126 0.5587262 0.4133211 0.5607278 0.4180666 0.6282753
1 0.5448515 0.5362574 0.5495970 0.6038048 0.5780885 0.6018031 0.5733430 0.5342557
1 0.4413563 0.5522316 0.4366108 0.4846842 0.4081194 0.4866858 0.4128649 0.5542333
1 0.5396497 0.4622153 0.5443951 0.5297627 0.5728866 0.5277611 0.5681412 0.4602137
1 0.4363437 0.4808820 0.4315982 0.4133346 0.4031067 0.4153363 0.4078522 0.4828838
1 0.5678741 0.4564115 0.5631285 0.3888640 0.5346371 0.3908656 0.5393826 0.4584132
4 0.3319578 0.4481193 0.3288385 0.4037200 0.3027838 0.4055504 0.3059030 0.4499497
4 0.3283449 0.3966938 0.3252257 0.3522944 0.2991709 0.3541249 0.3022901 0.3985242
0 0.4473071 0.4148257 0.4659629 0.6803726 0.5485768 0.6745686 0.5299209 0.4090217
5 0.3255599 0.5105662 0.3233255 0.4787606 0.3126451 0.4795110 0.3148796 0.5113165
5 0.3181314 0.5576025 0.3203659 0.5894082 0.3310462 0.5886579 0.3288118 0.5568522
5 0.3234278 0.6329908 0.3256623 0.6647965 0.3363427 0.6640460 0.3341081 0.6322404
5 0.3417966 0.7416780 0.3395621 0.7098724 0.3288818 0.7106227 0.3311163 0.7424283
3 0.6569958 0.6442132 0.6616545 0.7105250 0.6922623 0.7083746 0.6876036 0.6420629
3 0.6455645 0.4815003 0.6502232 0.5478120 0.6808310 0.5456617 0.6761723 0.4793500
3 0.6512392 0.5622734 0.6558979 0.6285851 0.6865057 0.6264348 0.6818470 0.5601231
3 0.6398079 0.3995605 0.6444666 0.4658722 0.6750744 0.4637219 0.6704156 0.3974101
3 0.6339629 0.3163642 0.6386216 0.3826759 0.6692294 0.3805255 0.6645707 0.3142139
2 0.5979495 0.3836313 0.6170614 0.6556696 0.6507801 0.6533007 0.6316683 0.3812624
2 0.3904629 0.7017314 0.3713509 0.4296931 0.3376322 0.4320620 0.3567441 0.7041003
2 0.4277917 0.7841892 0.5977034 0.7525779 0.5877874 0.6992791 0.4178756 0.7308903
2 0.4000804 0.3897471 0.5699920 0.3581360 0.5600760 0.3048371 0.3901644 0.3364483
