1 0.4563173 0.6115100 0.4496818 0.5413351 0.4204473 0.5440995 0.4270828 0.6142743
1 0.5545235 0.5105356 0.5611591 0.5807104 0.5903936 0.5779460 0.5837581 0.5077713
1 0.4493118 0.5374223 0.4426763 0.4672474 0.4134417 0.4700117 0.4200772 0.5401866
1 0.5475180 0.4364479 0.5541535 0.5066227 0.5833880 0.5038583 0.5767525 0.4336835
1 0.4063065 0.3945521 0.4129420 0.4647270 0.4421766 0.4619626 0.4355410 0.3917878
1 0.5762528 0.4283987 0.5696173 0.3582240 0.5403827 0.3609884 0.5470183 0.4311631
1 0.3994308 0.3218366 0.4060663 0.3920113 0.4353008 0.3892469 0.4286653 0.3190723
1 0.5335070 0.2882726 0.5401425 0.3584474 0.5693770 0.3556831 0.5627415 0.2855083
4 0.3275044 0.3610001 0.3231450 0.3148971 0.2964083 0.3174252 0.3007676 0.3635283
4 0.3225486 0.3085900 0.3181893 0.2624869 0.2914526 0.2650151 0.2958119 0.3111181
0 0.5551142 0.5820059 0.5292087 0.3080396 0.4444479 0.3160543 0.4703534 0.5900206
5 0.3083711 0.3933020 0.3114829 0.4262116 0.3224489 0.4251747 0.3193371 0.3922650
5 0.3158966 0.4728887 0.3190084 0.5057983 0.3299744 0.5047613 0.3268625 0.4718518
5 0.3231615 0.5497203 0.3262733 0.5826299 0.3372393 0.5815930 0.3341275 0.5486834
5 0.3447205 0.6607113 0.3416087 0.6278017 0.3306428 0.6288385 0.3337545 0.6617482
3 0.6648982 0.5388960 0.6714113 0.6077765 0.7028286 0.6048057 0.6963155 0.5359253
3 0.6492180 0.3730679 0.6557311 0.4419482 0.6871485 0.4389775 0.6806353 0.3700972
3 0.6570019 0.4553875 0.6635150 0.5242679 0.6949324 0.5212971 0.6884192 0.4524167
3 0.6413217 0.2895592 0.6478348 0.3584396 0.6792522 0.3554689 0.6727391 0.2865885
3 0.6368887 0.2299900 0.6434018 0.2988704 0.6748192 0.2958997 0.6683061 0.2270193
2 0.5980907 0.2760943 0.6243996 0.5543271 0.6589928 0.5510561 0.6326839 0.2728233
2 0.3936368 0.6174839 0.3673279 0.3392512 0.3327349 0.3425221 0.3590437 0.6207548
2 0.4340136 0.6982559 0.6086324 0.6545428 0.5952549 0.6011042 0.4206361 0.6448173
2 0.5572435 0.1991103 0.3826247 0.2428234 0.3960023 0.2962620 0.5706210 0.2525490
5 0.3517365 0.3092958 0.3732382 0.3039132 0.3689345 0.2867213 0.3474329 0.2921038
