1 0.4214042 0.5953405 0.4200144 0.6586777 0.4472711 0.6592758 0.4486609 0.5959386
1 0.5740520 0.6666442 0.5754417 0.6033070 0.5481851 0.6027089 0.5467954 0.6660461
1 0.4488086 0.5892044 0.4501984 0.5258672 0.4229416 0.5252692 0.4215518 0.5886063
1 0.5497226 0.5326375 0.5483328 0.5959747 0.5755895 0.5965728 0.5769793 0.5332356
1 0.4503745 0.5178354 0.4517643 0.4544983 0.4245076 0.4539002 0.4231178 0.5172374
1 0.5771555 0.5252039 0.5785452 0.4618667 0.5512884 0.4612687 0.5498987 0.5246059
1 0.4518836 0.4490619 0.4532733 0.3857246 0.4260166 0.3851265 0.4246269 0.4484638
1 0.5527975 0.3924949 0.5514078 0.4558321 0.5786645 0.4564302 0.5800542 0.3930930
4 0.3570428 0.3539187 0.3320396 0.3531748 0.3308329 0.3937315 0.3558361 0.3944755
4 0.3581306 0.3043498 0.3331273 0.3036057 0.3319205 0.3441624 0.3569237 0.3449064
0 0.5413728 0.6527008 0.5468603 0.4026055 0.4678136 0.4008710 0.4623261 0.6509664
5 0.3442637 0.4532382 0.3449201 0.4233276 0.3347146 0.4231036 0.3340583 0.4530143
5 0.3426122 0.5285105 0.3432685 0.4985997 0.3330630 0.4983758 0.3324068 0.5282865
5 0.3410178 0.6011770 0.3416741 0.5712663 0.3314686 0.5710424 0.3308123 0.6009530
5 0.3298267 0.6458715 0.3291704 0.6757822 0.3393759 0.6760062 0.3400322 0.6460954
3 0.6744260 0.7237606 0.6757826 0.6619329 0.6465203 0.6612908 0.6451637 0.7231185
3 0.6778672 0.5669221 0.6792238 0.5050943 0.6499616 0.5044522 0.6486049 0.5662799
3 0.6482533 0.5823092 0.6468967 0.6441369 0.6761590 0.6447790 0.6775156 0.5829513
3 0.6796002 0.4879405 0.6809568 0.4261127 0.6516945 0.4254707 0.6503380 0.4872984
3 0.6813598 0.4077477 0.6827164 0.3459200 0.6534541 0.3452780 0.6520975 0.4071057
2 0.6134108 0.4007760 0.6076986 0.6611123 0.6399643 0.6618203 0.6456766 0.4014840
2 0.3624934 0.3861929 0.3567812 0.6465291 0.3890469 0.6472371 0.3947591 0.3869008
2 0.4147029 0.7372814 0.5755426 0.7466294 0.5785856 0.6942723 0.4177459 0.6849244
2 0.5869278 0.3140707 0.4260882 0.3047228 0.4230452 0.3570800 0.5838848 0.3664278
5 0.3829230 0.3567334 0.4015462 0.3578158 0.4025188 0.3410816 0.3838956 0.3399992
