1 0.4227916 0.6692732 0.4352043 0.5986023 0.4060223 0.5934768 0.3936096 0.6641476
1 0.5353692 0.6536112 0.5229566 0.7242821 0.5521386 0.7294077 0.5645512 0.6587367
1 0.4185752 0.5220078 0.4061624 0.5926787 0.4353445 0.5978042 0.4477572 0.5271333
1 0.5646914 0.6579386 0.5771040 0.5872678 0.5479220 0.5821422 0.5355094 0.6528131
1 0.4481297 0.5250119 0.4605424 0.4543410 0.4313604 0.4492154 0.4189477 0.5198864
1 0.5774767 0.5851463 0.5898893 0.5144754 0.5607073 0.5093498 0.5482947 0.5800207
1 0.4604501 0.4548666 0.4728628 0.3841956 0.4436808 0.3790701 0.4312681 0.4497410
1 0.5897970 0.5150009 0.6022097 0.4443300 0.5730277 0.4392045 0.5606150 0.5098754
4 0.3700376 0.3596163 0.3781809 0.3132527 0.3514836 0.3085636 0.3433403 0.3549271
4 0.3789176 0.3090587 0.3870609 0.2626952 0.3603637 0.2580060 0.3522203 0.3043696
0 0.5206816 0.7015273 0.5687882 0.4276343 0.4842065 0.4127783 0.4360998 0.6866713
5 0.3489416 0.4151249 0.3547283 0.3821787 0.3437575 0.3802517 0.3379708 0.4131980
5 0.3354571 0.4918985 0.3412437 0.4589521 0.3302730 0.4570252 0.3244863 0.4899716
5 0.3172553 0.5311410 0.3114685 0.5640874 0.3224393 0.5660143 0.3282260 0.5330680
5 0.3038501 0.6074628 0.2980633 0.6404090 0.3090342 0.6423360 0.3148209 0.6093897
3 0.6464869 0.8301620 0.6587634 0.7602665 0.6273637 0.7547514 0.6150871 0.8246469
3 0.6745837 0.6701953 0.6868601 0.6002998 0.6554603 0.5947847 0.6431839 0.6646802
3 0.6415128 0.6741945 0.6292363 0.7440901 0.6606360 0.7496051 0.6729125 0.6797096
3 0.6887326 0.5896385 0.7010091 0.5197429 0.6696094 0.5142279 0.6573329 0.5841234
3 0.7030986 0.5078464 0.7153751 0.4379509 0.6839753 0.4324358 0.6716987 0.5023313
2 0.6339698 0.4737740 0.5862901 0.7452354 0.6208040 0.7512975 0.6684837 0.4798360
2 0.3779738 0.3547595 0.3302943 0.6262209 0.3648081 0.6322830 0.4124877 0.3608215
2 0.3675598 0.7322667 0.5396222 0.8122599 0.5617499 0.7646640 0.3896874 0.6846708
2 0.4356704 0.3444822 0.6077329 0.4244753 0.6298606 0.3768794 0.4577982 0.2968862
5 0.4297936 0.3254380 0.4075861 0.3151134 0.4004579 0.3304456 0.4226654 0.3407702
