1 0.4711895 0.5889534 0.4619783 0.5218875 0.4343525 0.5256818 0.4435636 0.5927477
1 0.5590531 0.4803583 0.5682643 0.5474241 0.5958901 0.5436298 0.5866788 0.4765640
1 0.4248909 0.4567927 0.4341021 0.5238586 0.4617279 0.5200644 0.4525167 0.4529984
1 0.5864285 0.4747407 0.5772173 0.4076748 0.5495915 0.4114692 0.5588027 0.4785351
1 0.4152540 0.3866281 0.4244653 0.4536940 0.4520911 0.4498997 0.4428798 0.3828338
1 0.5399547 0.3413044 0.5491659 0.4083704 0.5767916 0.4045761 0.5675805 0.3375102
1 0.4059677 0.3190148 0.4151789 0.3860807 0.4428047 0.3822864 0.4335936 0.3152206
1 0.5306683 0.2736914 0.5398796 0.3407573 0.5675053 0.3369630 0.5582941 0.2698970
4 0.3403125 0.3660915 0.3342458 0.3219199 0.3089744 0.3253908 0.3150412 0.3695624
4 0.3336194 0.3173588 0.3275526 0.2731872 0.3022812 0.2766582 0.3083480 0.3208297
0 0.4475770 0.3055094 0.4832705 0.5653908 0.5633486 0.5543924 0.5276551 0.2945110
5 0.3232956 0.3964849 0.3275952 0.4277895 0.3379746 0.4263639 0.3336751 0.3950592
5 0.3334595 0.4704870 0.3377590 0.5017916 0.3481385 0.5003661 0.3438389 0.4690614
5 0.3579505 0.5718064 0.3536510 0.5405018 0.3432715 0.5419273 0.3475711 0.5732320
5 0.3680545 0.6453730 0.3637550 0.6140683 0.3533756 0.6154939 0.3576750 0.6467985
3 0.6638337 0.4953872 0.6728941 0.5613546 0.7026094 0.5572734 0.6935490 0.4913059
3 0.6814318 0.4030812 0.6723714 0.3371137 0.6426562 0.3411950 0.6517166 0.4071624
3 0.6531692 0.4177382 0.6622294 0.4837057 0.6919447 0.4796245 0.6828844 0.4136570
3 0.6319914 0.2635460 0.6410518 0.3295135 0.6707671 0.3254323 0.6617067 0.2594648
3 0.6599389 0.2465928 0.6508785 0.1806252 0.6211632 0.1847064 0.6302236 0.2506740
2 0.5908680 0.2554157 0.6266177 0.5157060 0.6592955 0.5112178 0.6235457 0.2509276
2 0.4124952 0.6009197 0.3767456 0.3406293 0.3440678 0.3451174 0.3798175 0.6054078
2 0.4536803 0.6706669 0.6181093 0.6109036 0.6007224 0.5630664 0.4362934 0.6228296
2 0.4023425 0.2968807 0.5667714 0.2371174 0.5493845 0.1892802 0.3849556 0.2490433
5 0.3609342 0.3137923 0.3817644 0.3062215 0.3761411 0.2907497 0.3553108 0.2983205
