1 0.4372396 0.6306394 0.4455891 0.6980473 0.4735908 0.6945789 0.4652412 0.6271709
1 0.5643547 0.5889505 0.5727043 0.6563585 0.6007059 0.6528901 0.5923563 0.5854821
1 0.4285381 0.5603911 0.4368877 0.6277990 0.4648894 0.6243306 0.4565398 0.5569227
1 0.5556533 0.5187023 0.5640029 0.5861102 0.5920045 0.5826418 0.5836549 0.5152338
1 0.4196756 0.4888421 0.4280252 0.5562501 0.4560268 0.5527816 0.4476772 0.4853737
1 0.5467908 0.4471533 0.5551404 0.5145612 0.5831420 0.5110928 0.5747924 0.4436848
1 0.4111354 0.4198949 0.4194850 0.4873028 0.4474866 0.4838343 0.4391370 0.4164265
1 0.5382505 0.3782061 0.5466001 0.4456140 0.5746018 0.4421456 0.5662522 0.3747376
4 0.3438700 0.4655115 0.3383518 0.4209628 0.3127406 0.4241351 0.3182587 0.4686839
4 0.3377146 0.4158174 0.3321965 0.3712686 0.3065852 0.3744410 0.3121033 0.4189898
0 0.5674757 0.6621019 0.5348840 0.3989819 0.4537043 0.4090374 0.4862960 0.6721573
5 0.3263083 0.4962504 0.3302209 0.5278375 0.3407305 0.5265357 0.3368179 0.4949486
5 0.3356556 0.5717126 0.3395681 0.6032997 0.3500777 0.6019979 0.3461652 0.5704108
5 0.3446792 0.6445625 0.3485918 0.6761497 0.3591014 0.6748478 0.3551888 0.6432607
5 0.3539714 0.7195806 0.3578840 0.7511677 0.3683936 0.7498659 0.3644811 0.7182788
3 0.7089297 0.6714854 0.7006979 0.6050285 0.6705959 0.6087571 0.6788276 0.6752141
3 0.6511198 0.4515227 0.6593516 0.5179797 0.6894536 0.5142511 0.6812218 0.4477941
3 0.6991218 0.5923046 0.6908900 0.5258476 0.6607881 0.5295762 0.6690198 0.5960332
3 0.6413119 0.3723418 0.6495436 0.4387988 0.6796457 0.4350702 0.6714140 0.3686132
3 0.6313537 0.2919466 0.6395855 0.3584037 0.6696874 0.3546752 0.6614557 0.2882180
2 0.5996655 0.3624944 0.6324808 0.6274195 0.6656108 0.6233158 0.6327955 0.3583907
2 0.3480864 0.4450027 0.3809017 0.7099278 0.4140317 0.7058240 0.3812164 0.4408990
2 0.4076637 0.3975036 0.5746796 0.3427287 0.5584714 0.2933081 0.3914557 0.3480828
5 0.3655302 0.4134551 0.3864792 0.4065847 0.3812798 0.3907308 0.3603308 0.3976012
