1 0.4578620 0.6819646 0.4534810 0.6151205 0.4252415 0.6169714 0.4296225 0.6838155
1 0.5883812 0.6593083 0.5840001 0.5924643 0.5557606 0.5943151 0.5601417 0.6611592
1 0.4531341 0.6098274 0.4487531 0.5429833 0.4205135 0.5448342 0.4248946 0.6116782
1 0.5836532 0.5871711 0.5792722 0.5203270 0.5510327 0.5221779 0.5554137 0.5890219
1 0.4483186 0.5363544 0.4439376 0.4695103 0.4156981 0.4713612 0.4200791 0.5382053
1 0.5462173 0.4487048 0.5505983 0.5155489 0.5788378 0.5136981 0.5744568 0.4468540
1 0.4110577 0.4005600 0.4154387 0.4674041 0.4436783 0.4655532 0.4392973 0.3987091
1 0.5415769 0.3779036 0.5459578 0.4447477 0.5741974 0.4428968 0.5698164 0.3760529
4 0.3403418 0.4318426 0.3374640 0.3879327 0.3116417 0.3896251 0.3145195 0.4335350
4 0.3369973 0.3808123 0.3341194 0.3369023 0.3082971 0.3385947 0.3111750 0.3825046
0 0.5540311 0.6585474 0.5367993 0.3956298 0.4549091 0.4009969 0.4721410 0.6639146
5 0.3210678 0.4629560 0.3231314 0.4944422 0.3337112 0.4937488 0.3316477 0.4622626
5 0.3387901 0.5712402 0.3367265 0.5397540 0.3261466 0.5404474 0.3282102 0.5719336
5 0.3310497 0.6152562 0.3331133 0.6467426 0.3436931 0.6460491 0.3416295 0.6145627
5 0.3360986 0.6922915 0.3381622 0.7237778 0.3487421 0.7230844 0.3466784 0.6915981
3 0.6617261 0.6305974 0.6660249 0.6961875 0.6963525 0.6941998 0.6920537 0.6286097
3 0.6511438 0.4691349 0.6554426 0.5347251 0.6857701 0.5327374 0.6814713 0.4671472
3 0.6563970 0.5492872 0.6606958 0.6148774 0.6910233 0.6128897 0.6867245 0.5472995
3 0.6458146 0.3878248 0.6501134 0.4534150 0.6804410 0.4514273 0.6761422 0.3858371
3 0.6404037 0.3052678 0.6447026 0.3708580 0.6750301 0.3688704 0.6707313 0.3032802
2 0.6554855 0.6390908 0.6378051 0.3693302 0.6043803 0.3715209 0.6220607 0.6412815
2 0.3460644 0.4163610 0.3637447 0.6861216 0.3971695 0.6839309 0.3794892 0.4141704
2 0.5928833 0.6841191 0.4245582 0.7133380 0.4337635 0.7663685 0.6020887 0.7371496
2 0.5672299 0.2927085 0.3989048 0.3219274 0.4081101 0.3749579 0.5764353 0.3457390
5 0.3652363 0.3844665 0.3854765 0.3809534 0.3825342 0.3640020 0.3622940 0.3675153
