1 0.4261763 0.6555538 0.4277213 0.7195854 0.4549800 0.7189277 0.4534350 0.6548960
1 0.5529246 0.6474625 0.5544696 0.7114941 0.5817284 0.7108363 0.5801833 0.6468047
1 0.4532903 0.6489016 0.4517453 0.5848699 0.4244866 0.5855277 0.4260316 0.6495593
1 0.5800387 0.6408103 0.5784936 0.5767787 0.5512349 0.5774364 0.5527800 0.6414679
1 0.4227656 0.5142050 0.4243107 0.5782366 0.4515694 0.5775788 0.4500243 0.5135472
1 0.5495139 0.5061136 0.5510589 0.5701452 0.5783177 0.5694875 0.5767726 0.5054559
1 0.4211072 0.4454757 0.4226522 0.5095074 0.4499110 0.5088496 0.4483659 0.4448180
1 0.5478555 0.4373844 0.5494005 0.5014161 0.5766593 0.5007583 0.5751143 0.4367266
4 0.3516260 0.4660051 0.3506248 0.4245111 0.3256989 0.4251125 0.3267001 0.4666066
4 0.3504308 0.4164682 0.3494295 0.3749742 0.3245036 0.3755757 0.3255048 0.4170696
0 0.4634619 0.4542615 0.4695092 0.7048793 0.5485533 0.7029721 0.5425060 0.4523543
5 0.3318445 0.4956607 0.3325713 0.5257818 0.3427853 0.5255353 0.3420585 0.4954143
5 0.3336596 0.5708843 0.3343864 0.6010054 0.3446004 0.6007589 0.3438736 0.5706378
5 0.3463527 0.6733784 0.3456259 0.6432574 0.3354118 0.6435039 0.3361387 0.6736249
5 0.3372163 0.7182847 0.3379431 0.7484057 0.3481572 0.7481592 0.3474303 0.7180382
3 0.6844464 0.7557467 0.6829453 0.6935364 0.6536685 0.6942428 0.6551696 0.7564532
3 0.6806644 0.5990095 0.6791633 0.5367992 0.6498864 0.5375056 0.6513876 0.5997160
3 0.6825418 0.6768162 0.6810408 0.6146059 0.6517639 0.6153123 0.6532649 0.6775227
3 0.6479818 0.4585752 0.6494830 0.5207855 0.6787598 0.5200791 0.6772587 0.4578688
3 0.6460481 0.3784343 0.6475493 0.4406447 0.6768261 0.4399382 0.6753250 0.3777279
2 0.6086851 0.4386630 0.6149649 0.6989150 0.6472276 0.6981366 0.6409478 0.4378845
2 0.3963747 0.7141504 0.3900949 0.4538983 0.3578321 0.4546768 0.3641120 0.7149289
2 0.4279789 0.7993878 0.5889117 0.7891144 0.5855730 0.7368135 0.4246401 0.7470871
2 0.4328636 0.4419714 0.5937964 0.4316978 0.5904577 0.3793970 0.4295248 0.3896706
5 0.3774886 0.4242368 0.3961660 0.4230444 0.3950874 0.4061478 0.3764100 0.4073402
