1 0.4397612 0.5598290 0.4481389 0.4933807 0.4206097 0.4899098 0.4122319 0.5563581
1 0.5646155 0.6015008 0.5729932 0.5350525 0.5454640 0.5315816 0.5370863 0.5980300
1 0.4484596 0.4908373 0.4568374 0.4243891 0.4293081 0.4209182 0.4209303 0.4873664
1 0.5541624 0.4625900 0.5457847 0.5290382 0.5733139 0.5325091 0.5816916 0.4660609
1 0.4573191 0.4205680 0.4656969 0.3541198 0.4381677 0.3506490 0.4297899 0.4170972
1 0.5630220 0.3923208 0.5546442 0.4587691 0.5821734 0.4622400 0.5905511 0.3957916
1 0.4467050 0.2829350 0.4383272 0.3493832 0.4658564 0.3528541 0.4742343 0.2864059
1 0.5715593 0.3246069 0.5631815 0.3910552 0.5907106 0.3945261 0.5990884 0.3280778
4 0.3763610 0.2720315 0.3818217 0.2287198 0.3566413 0.2255450 0.3511806 0.2688568
4 0.3825143 0.2232264 0.3879749 0.1799145 0.3627946 0.1767399 0.3573339 0.2200517
0 0.5337129 0.5784631 0.5663390 0.3196887 0.4865329 0.3096268 0.4539068 0.5684012
5 0.3524674 0.2948181 0.3485463 0.3259185 0.3588821 0.3272216 0.3628032 0.2961212
5 0.3495381 0.4013340 0.3534592 0.3702336 0.3431234 0.3689305 0.3392023 0.4000309
5 0.3405175 0.4728808 0.3444386 0.4417804 0.3341027 0.4404773 0.3301817 0.4715777
5 0.3312284 0.5465569 0.3351496 0.5154566 0.3248138 0.5141534 0.3208926 0.5452539
3 0.6583178 0.6846436 0.6665689 0.6192003 0.6369693 0.6154684 0.6287181 0.6809117
3 0.6564387 0.4610466 0.6481876 0.5264898 0.6777873 0.5302217 0.6860383 0.4647785
3 0.6467738 0.5377039 0.6385227 0.6031471 0.6681224 0.6068790 0.6763734 0.5414357
3 0.6875917 0.4524572 0.6958428 0.3870140 0.6662431 0.3832821 0.6579921 0.4487253
3 0.6975467 0.3735002 0.7057976 0.3080568 0.6761980 0.3043250 0.6679470 0.3697683
2 0.6308005 0.3490469 0.5979862 0.6093138 0.6305548 0.6134200 0.6633691 0.3531531
2 0.3834504 0.5309455 0.4162647 0.2706786 0.3836960 0.2665724 0.3508818 0.5268393
2 0.3927973 0.6255332 0.5569406 0.6803184 0.5731070 0.6318817 0.4089637 0.5770966
2 0.6203039 0.2575388 0.4561605 0.2027535 0.4399941 0.2511902 0.6041375 0.3059754
5 0.4304805 0.2325485 0.4098431 0.2256604 0.4046425 0.2412419 0.4252799 0.2481300
