1 0.4418454 0.6354063 0.4462723 0.5710975 0.4189264 0.5692151 0.4144996 0.6335239
1 0.5452358 0.5922476 0.5408090 0.6565564 0.5681548 0.6584389 0.5725817 0.5941300
1 0.4466516 0.5655872 0.4510785 0.5012784 0.4237327 0.4993959 0.4193058 0.5637047
1 0.5500420 0.5224285 0.5456151 0.5867374 0.5729609 0.5886198 0.5773878 0.5243109
1 0.4515468 0.4944753 0.4559737 0.4301665 0.4286278 0.4282840 0.4242010 0.4925929
1 0.5778561 0.5175078 0.5822830 0.4531990 0.5549372 0.4513166 0.5505103 0.5156254
1 0.4333450 0.3597580 0.4289181 0.4240668 0.4562640 0.4259493 0.4606909 0.3616405
1 0.5825732 0.4489818 0.5870001 0.3846730 0.5596544 0.3827906 0.5552275 0.4470994
4 0.3628548 0.3596457 0.3657404 0.3177267 0.3407369 0.3160055 0.3378513 0.3579245
4 0.3662547 0.3102552 0.3691404 0.2683362 0.3441369 0.2666150 0.3412512 0.3085340
0 0.4743777 0.3804728 0.4568557 0.6350129 0.5361590 0.6404719 0.5536810 0.3859318
5 0.3485518 0.4169183 0.3506422 0.3865508 0.3404016 0.3858458 0.3383111 0.4162133
5 0.3433888 0.4919196 0.3454792 0.4615521 0.3352386 0.4608472 0.3331482 0.4912146
5 0.3384047 0.5643244 0.3404951 0.5339569 0.3302545 0.5332519 0.3281641 0.5636195
5 0.3332722 0.6388842 0.3353626 0.6085167 0.3251220 0.6078117 0.3230315 0.6381792
3 0.6657642 0.7279021 0.6701264 0.6645324 0.6407656 0.6625112 0.6364033 0.7258809
3 0.6765217 0.5716282 0.6808838 0.5082585 0.6515231 0.5062374 0.6471608 0.5696071
3 0.6711814 0.6492049 0.6755437 0.5858352 0.6461828 0.5838140 0.6418206 0.6471837
3 0.6819389 0.4929309 0.6863011 0.4295613 0.6569403 0.4275402 0.6525781 0.4909099
3 0.6874394 0.4130270 0.6918015 0.3496574 0.6624407 0.3476362 0.6580786 0.4110059
2 0.6342310 0.6616824 0.6522126 0.4004630 0.6198426 0.3982348 0.6018610 0.6594541
2 0.3698584 0.3526500 0.3518767 0.6138694 0.3842468 0.6160977 0.4022285 0.3548784
2 0.5747326 0.6874524 0.4116443 0.6577133 0.4023024 0.7089441 0.5653906 0.7386833
2 0.6008106 0.3086198 0.4377222 0.2788806 0.4283803 0.3301116 0.5914686 0.3598508
5 0.3905171 0.3250678 0.4101693 0.3286514 0.4131306 0.3124117 0.3934784 0.3088282
