1 0.4296488 0.6410899 0.4370388 0.7057651 0.4639159 0.7026941 0.4565259 0.6380188
1 0.5863577 0.6656563 0.5789678 0.6009812 0.5520908 0.6040522 0.5594807 0.6687274
1 0.4561845 0.6350312 0.4487944 0.5703561 0.4219174 0.5734272 0.4293075 0.6381023
1 0.5786264 0.5979935 0.5712364 0.5333184 0.5443594 0.5363895 0.5517494 0.6010646
1 0.4140429 0.5045115 0.4214329 0.5691866 0.4483100 0.5661156 0.4409200 0.5014404
1 0.5364849 0.4674737 0.5438749 0.5321489 0.5707519 0.5290778 0.5633619 0.4644027
1 0.4064548 0.4381018 0.4138447 0.5027770 0.4407218 0.4997060 0.4333318 0.4350308
1 0.5288967 0.4010641 0.5362868 0.4657393 0.5631638 0.4626681 0.5557737 0.3979930
4 0.3413904 0.4797725 0.3365170 0.4371214 0.3119335 0.4399304 0.3168069 0.4825815
4 0.3359212 0.4319074 0.3310478 0.3892563 0.3064643 0.3920653 0.3113377 0.4347164
0 0.4475211 0.4294653 0.4763607 0.6818620 0.5542774 0.6729590 0.5254378 0.4205623
5 0.3378485 0.5384241 0.3343852 0.5081140 0.3242954 0.5092669 0.3277587 0.5395770
5 0.3326007 0.5819517 0.3360639 0.6122619 0.3461537 0.6111090 0.3426905 0.5807989
5 0.3406183 0.6521205 0.3440817 0.6824306 0.3541715 0.6812778 0.3507081 0.6509675
5 0.3624277 0.7535347 0.3589644 0.7232246 0.3488747 0.7243775 0.3523380 0.7546876
3 0.6901199 0.6860310 0.6828457 0.6223693 0.6539491 0.6256711 0.6612233 0.6893328
3 0.6366442 0.4742236 0.6439185 0.5378853 0.6728150 0.5345835 0.6655408 0.4709218
3 0.6452346 0.5494044 0.6525087 0.6130661 0.6814054 0.6097643 0.6741312 0.5461025
3 0.6641006 0.4583168 0.6568264 0.3946550 0.6279298 0.3979569 0.6352040 0.4616186
3 0.6190816 0.3205208 0.6263558 0.3841825 0.6552524 0.3808807 0.6479782 0.3172189
2 0.5880284 0.3875393 0.6171455 0.6423649 0.6489434 0.6387316 0.6198263 0.3839060
2 0.4066134 0.7120345 0.3774963 0.4572090 0.3456985 0.4608423 0.3748156 0.7156678
2 0.4451587 0.7833786 0.6055921 0.7348486 0.5910661 0.6868279 0.4306328 0.7353579
2 0.4032090 0.4162459 0.5636423 0.3677160 0.5491164 0.3196952 0.3886831 0.3682251
5 0.3626739 0.4305714 0.3826854 0.4245181 0.3780198 0.4090941 0.3580082 0.4151475
