1 0.4183921 0.5466375 0.4213908 0.6106927 0.4487191 0.6094133 0.4457203 0.5453581
1 0.5754671 0.5936965 0.5724682 0.5296413 0.5451399 0.5309207 0.5481388 0.5949758
1 0.4454393 0.5393560 0.4424405 0.4753008 0.4151123 0.4765802 0.4181111 0.5406353
1 0.5721872 0.5236391 0.5691885 0.4595840 0.5418602 0.4608634 0.5448590 0.5249186
1 0.4420988 0.4680015 0.4391000 0.4039463 0.4117717 0.4052256 0.4147705 0.4692808
1 0.5688468 0.4522847 0.5658480 0.3882295 0.5385197 0.3895088 0.5415184 0.4535640
1 0.4085527 0.3364658 0.4115515 0.4005210 0.4388798 0.3992416 0.4358810 0.3351864
1 0.5353007 0.3207490 0.5382994 0.3848041 0.5656278 0.3835248 0.5626290 0.3194696
4 0.3394470 0.3613052 0.3374789 0.3192663 0.3124907 0.3204362 0.3144588 0.3624750
4 0.3371268 0.3117462 0.3351587 0.2697074 0.3101706 0.2708772 0.3121386 0.3129160
0 0.5421482 0.5895731 0.5303059 0.3366171 0.4510556 0.3403273 0.4628979 0.5932833
5 0.3319277 0.4212970 0.3305116 0.3910497 0.3202757 0.3915289 0.3216917 0.4217761
5 0.3237989 0.4667861 0.3252150 0.4970332 0.3354509 0.4965541 0.3340348 0.4663069
5 0.3272001 0.5394380 0.3286162 0.5696851 0.3388521 0.5692059 0.3374361 0.5389588
5 0.3307026 0.6142522 0.3321187 0.6444993 0.3423546 0.6440201 0.3409385 0.6137729
3 0.6793275 0.6320844 0.6763874 0.5692821 0.6470424 0.5706559 0.6499825 0.6334583
3 0.6397014 0.4138488 0.6426416 0.4766513 0.6719866 0.4752775 0.6690464 0.4124750
3 0.6756307 0.5531188 0.6726906 0.4903164 0.6433457 0.4916902 0.6462858 0.5544926
3 0.6360046 0.3348832 0.6389447 0.3976855 0.6682897 0.3963118 0.6653496 0.3335094
3 0.6645362 0.3161352 0.6615961 0.2533327 0.6322511 0.2547066 0.6351912 0.3175090
2 0.5961853 0.3171126 0.6084161 0.5783682 0.6407641 0.5768538 0.6285333 0.3155982
2 0.3453331 0.3482184 0.3575640 0.6094739 0.3899120 0.6079596 0.3776811 0.3467040
2 0.4236950 0.6903858 0.5860395 0.6702549 0.5795962 0.6182928 0.4172517 0.6384237
2 0.5618004 0.2381678 0.3994560 0.2582985 0.4058993 0.3102606 0.5682437 0.2901299
5 0.3643909 0.3172225 0.3836135 0.3148392 0.3815604 0.2982792 0.3623378 0.3006624
