1 0.4651281 0.6222603 0.4608140 0.5582640 0.4337371 0.5600893 0.4380513 0.6240857
1 0.5902150 0.5999272 0.5859009 0.5359309 0.5588241 0.5377562 0.5631382 0.6017525
1 0.4290764 0.4909510 0.4333905 0.5549474 0.4604674 0.5531220 0.4561532 0.4891257
1 0.5541633 0.4686179 0.5584775 0.5326143 0.5855542 0.5307890 0.5812401 0.4667926
1 0.4243293 0.4205325 0.4286434 0.4845288 0.4557203 0.4827035 0.4514062 0.4187072
1 0.5494161 0.3981994 0.5537304 0.4621958 0.5808072 0.4603704 0.5764930 0.3963740
1 0.4197549 0.3526746 0.4240690 0.4166710 0.4511458 0.4148457 0.4468317 0.3508493
1 0.5448418 0.3303415 0.5491560 0.3943380 0.5762327 0.3925126 0.5719186 0.3285162
4 0.3519877 0.3823848 0.3491488 0.3402719 0.3243887 0.3419410 0.3272277 0.3840539
4 0.3486906 0.3334761 0.3458517 0.2913630 0.3210916 0.2930322 0.3239305 0.3351452
0 0.4617694 0.3525026 0.4787655 0.6046247 0.5572808 0.5993319 0.5402846 0.3472098
5 0.3335587 0.4123704 0.3355924 0.4425380 0.3457394 0.4418539 0.3437057 0.4116864
5 0.3507462 0.5161237 0.3487125 0.4859562 0.3385654 0.4866403 0.3405991 0.5168077
5 0.3433988 0.5583391 0.3454324 0.5885067 0.3555795 0.5878227 0.3535458 0.5576551
5 0.3483760 0.6321719 0.3504097 0.6623394 0.3605568 0.6616553 0.3585231 0.6314878
3 0.6604377 0.5715058 0.6646762 0.6343802 0.6937596 0.6324197 0.6895211 0.5695453
3 0.6833275 0.4776697 0.6790890 0.4147953 0.6500057 0.4167559 0.6542442 0.4796303
3 0.6551843 0.4935760 0.6594228 0.5564504 0.6885061 0.5544899 0.6842677 0.4916155
3 0.6447522 0.3388260 0.6489908 0.4017005 0.6780741 0.3997399 0.6738356 0.3368654
3 0.6303616 0.2439015 0.6346000 0.3067759 0.6636834 0.3048154 0.6594449 0.2419409
2 0.6544822 0.5798357 0.6370481 0.3212186 0.6050014 0.3233789 0.6224356 0.5819960
2 0.4069174 0.6240361 0.3894833 0.3654190 0.3574367 0.3675793 0.3748707 0.6261964
2 0.5945213 0.6232189 0.4330943 0.6520401 0.4421593 0.7028131 0.6035863 0.6739918
2 0.4168704 0.3276746 0.5782974 0.2988533 0.5692323 0.2480803 0.4078053 0.2769015
5 0.3757548 0.3368174 0.3952041 0.3333451 0.3923131 0.3171524 0.3728638 0.3206249
