1 0.4317681 0.5925469 0.4411803 0.6593279 0.4690924 0.6553938 0.4596803 0.5886129
1 0.5576357 0.5455555 0.5670480 0.6123365 0.5949602 0.6084025 0.5855479 0.5416216
1 0.4219623 0.5229735 0.4313745 0.5897546 0.4592866 0.5858206 0.4498745 0.5190395
1 0.5478298 0.4759823 0.5572422 0.5427632 0.5851544 0.5388292 0.5757421 0.4720482
1 0.4492993 0.5149590 0.4398870 0.4481780 0.4119748 0.4521120 0.4213871 0.5188930
1 0.5378426 0.4051206 0.5472548 0.4719016 0.5751670 0.4679676 0.5657548 0.4011866
1 0.4023507 0.3838272 0.4117629 0.4506082 0.4396752 0.4466742 0.4302629 0.3798932
1 0.5282183 0.3368359 0.5376306 0.4036169 0.5655428 0.3996829 0.5561305 0.3329019
4 0.3361565 0.4322723 0.3298845 0.3877708 0.3043608 0.3913682 0.3106329 0.4358696
4 0.3292198 0.3830556 0.3229478 0.3385543 0.2974241 0.3421516 0.3036962 0.3866529
0 0.5622067 0.6202747 0.5252522 0.3580779 0.4443136 0.3694856 0.4812681 0.6316823
5 0.3339862 0.4930381 0.3295648 0.4616672 0.3191055 0.4631414 0.3235270 0.4945122
5 0.3445198 0.5677752 0.3400983 0.5364045 0.3296391 0.5378786 0.3340606 0.5692494
5 0.3398080 0.6100286 0.3442295 0.6413994 0.3546888 0.6399252 0.3502673 0.6085545
5 0.3502797 0.6843259 0.3547012 0.7156966 0.3651604 0.7142224 0.3607389 0.6828518
3 0.7029473 0.6219637 0.6936122 0.5557302 0.6636329 0.5599556 0.6729680 0.6261891
3 0.6809993 0.4662400 0.6716642 0.4000067 0.6416849 0.4042320 0.6510200 0.4704654
3 0.6525803 0.4815355 0.6619153 0.5477690 0.6918945 0.5435436 0.6825595 0.4773101
3 0.6306323 0.3258117 0.6399674 0.3920451 0.6699467 0.3878198 0.6606116 0.3215864
3 0.6194102 0.2461891 0.6287453 0.3124225 0.6587245 0.3081971 0.6493894 0.2419637
2 0.5889726 0.3176816 0.6260421 0.5806947 0.6590781 0.5760386 0.6220085 0.3130255
2 0.4099680 0.6690412 0.3728983 0.4060280 0.3398624 0.4106841 0.3769321 0.6736972
2 0.6000122 0.6288625 0.4338770 0.6908873 0.4518448 0.7390144 0.6179799 0.6769897
2 0.5468068 0.2513635 0.3806716 0.3133882 0.3986394 0.3615155 0.5647745 0.2994907
5 0.3721123 0.3558763 0.3511131 0.3637160 0.3568241 0.3790132 0.3778233 0.3711735
