1 0.4414459 0.6238418 0.4466930 0.5604463 0.4198713 0.5582263 0.4146242 0.6216218
1 0.5649118 0.6509120 0.5701590 0.5875164 0.5433373 0.5852965 0.5380902 0.6486920
1 0.4470945 0.5555948 0.4523417 0.4921993 0.4255199 0.4899793 0.4202728 0.5533748
1 0.5705606 0.5826649 0.5758077 0.5192693 0.5489860 0.5170494 0.5437388 0.5804449
1 0.4528479 0.4860840 0.4580950 0.4226884 0.4312733 0.4204684 0.4260261 0.4838640
1 0.5763138 0.5131541 0.5815610 0.4497586 0.5547393 0.4475386 0.5494921 0.5109341
1 0.4583919 0.4191009 0.4636391 0.3557054 0.4368173 0.3534854 0.4315701 0.4168809
1 0.5818579 0.4461710 0.5871050 0.3827755 0.5602834 0.3805555 0.5550362 0.4439511
4 0.3677568 0.3506505 0.3711835 0.3092490 0.3466591 0.3072192 0.3432324 0.3486207
4 0.3717527 0.3023722 0.3751794 0.2609707 0.3506550 0.2589408 0.3472282 0.3003423
0 0.5338050 0.6321004 0.5545356 0.3816335 0.4767525 0.3751955 0.4560219 0.6256624
5 0.3529697 0.4063045 0.3554458 0.3763899 0.3454011 0.3755585 0.3429251 0.4054732
5 0.3469018 0.4796171 0.3493778 0.4497024 0.3393332 0.4488710 0.3368572 0.4787858
5 0.3410439 0.5503918 0.3435200 0.5204770 0.3334753 0.5196456 0.3309993 0.5495604
5 0.3350117 0.6232728 0.3374878 0.5933580 0.3274432 0.5925266 0.3249671 0.6224414
3 0.6596400 0.7223309 0.6648168 0.6597857 0.6360183 0.6574022 0.6308415 0.7199473
3 0.6722833 0.5695757 0.6774601 0.5070305 0.6486616 0.5046469 0.6434848 0.5671921
3 0.6660070 0.6454057 0.6711838 0.5828605 0.6423853 0.5804769 0.6372085 0.6430221
3 0.6786503 0.4926504 0.6838271 0.4301053 0.6550286 0.4277216 0.6498518 0.4902667
3 0.6851149 0.4145457 0.6902916 0.3520004 0.6614930 0.3496168 0.6563163 0.4121621
2 0.6190632 0.3977627 0.5978861 0.6536236 0.6296355 0.6562514 0.6508126 0.4003906
2 0.3852787 0.6026757 0.4064558 0.3468150 0.3747063 0.3441871 0.3535292 0.6000479
2 0.4008124 0.6941970 0.5609972 0.7293177 0.5718814 0.6796756 0.4116965 0.6445549
2 0.4314616 0.3238940 0.5916466 0.3590149 0.6025307 0.3093728 0.4423457 0.2742519
5 0.4179753 0.3062216 0.3984666 0.3019443 0.3950137 0.3176929 0.4145224 0.3219702
