1 0.4377096 0.5905715 0.4427434 0.5268794 0.4159376 0.5247608 0.4109038 0.5884530
1 0.5394257 0.5506074 0.5343919 0.6142994 0.5611977 0.6164180 0.5662314 0.5527259
1 0.4431037 0.5223196 0.4481375 0.4586275 0.4213317 0.4565090 0.4162979 0.5202011
1 0.5448198 0.4823554 0.5397860 0.5460476 0.5665919 0.5481661 0.5716256 0.4844740
1 0.4485977 0.4528039 0.4536315 0.3891117 0.4268257 0.3869932 0.4217920 0.4506853
1 0.5720859 0.4786503 0.5771196 0.4149583 0.5503138 0.4128397 0.5452800 0.4765318
1 0.4538920 0.3858160 0.4589257 0.3221239 0.4321200 0.3200054 0.4270862 0.3836975
1 0.5773801 0.4116625 0.5824139 0.3479703 0.5556080 0.3458518 0.5505742 0.4095440
4 0.3630913 0.3178710 0.3663615 0.2764939 0.3418484 0.2745566 0.3385783 0.3159336
4 0.3669072 0.2695892 0.3701774 0.2282121 0.3456642 0.2262748 0.3423941 0.2676519
0 0.5300533 0.5977715 0.5498366 0.3474529 0.4721099 0.3413100 0.4523265 0.5916286
5 0.3485193 0.3736910 0.3508886 0.3437117 0.3408406 0.3429176 0.3384713 0.3728969
5 0.3427247 0.4470089 0.3450941 0.4170296 0.3350461 0.4162354 0.3326767 0.4462147
5 0.3371308 0.5177885 0.3395002 0.4878091 0.3294522 0.4870149 0.3270828 0.5169944
5 0.3313704 0.5906746 0.3337398 0.5606953 0.3236918 0.5599012 0.3213224 0.5898805
3 0.6323117 0.6216845 0.6273637 0.6842905 0.6561599 0.6865664 0.6611079 0.6239604
3 0.6443852 0.4689184 0.6394373 0.5315245 0.6682335 0.5338004 0.6731814 0.4711943
3 0.6622400 0.6096357 0.6671879 0.5470296 0.6383917 0.5447537 0.6334438 0.6073599
3 0.6743135 0.4568696 0.6792614 0.3942635 0.6504653 0.3919876 0.6455173 0.4545938
3 0.6804867 0.3787593 0.6854346 0.3161531 0.6566384 0.3138773 0.6516905 0.3764834
2 0.6144158 0.3625010 0.5942042 0.6182391 0.6259283 0.6207464 0.6461400 0.3650082
2 0.3700154 0.3113471 0.3498037 0.5670851 0.3815278 0.5695924 0.4017395 0.3138543
2 0.3976314 0.6609204 0.5576399 0.6944108 0.5680569 0.6446410 0.4080484 0.6111507
2 0.5973251 0.2743118 0.4373165 0.2408215 0.4268995 0.2905913 0.5869081 0.3240817
5 0.3902684 0.2847109 0.4097270 0.2887838 0.4130552 0.2728824 0.3935967 0.2688096
