1 0.4308985 0.5759858 0.4438496 0.6425437 0.4715786 0.6371481 0.4586275 0.5705901
1 0.5568654 0.5130286 0.5698165 0.5795866 0.5975454 0.5741911 0.5845942 0.5076331
1 0.4220782 0.5084828 0.4350293 0.5750408 0.4627582 0.5696452 0.4498071 0.5030872
1 0.5437769 0.4457648 0.5567280 0.5123228 0.5844569 0.5069273 0.5715058 0.4403692
1 0.4087475 0.4399734 0.4216985 0.5065314 0.4494274 0.5011358 0.4364764 0.4345778
1 0.5304462 0.3772553 0.5433973 0.4438133 0.5711262 0.4384177 0.5581751 0.3718597
1 0.3959015 0.3739552 0.4088525 0.4405132 0.4365815 0.4351176 0.4236304 0.3685596
1 0.5176002 0.3112373 0.5305513 0.3777953 0.5582802 0.3723997 0.5453291 0.3058417
4 0.3337465 0.4336975 0.3250825 0.3891711 0.2997214 0.3941060 0.3083855 0.4386322
4 0.3244876 0.3861146 0.3158236 0.3415883 0.2904626 0.3465231 0.2991266 0.3910494
0 0.4357536 0.3503121 0.4862351 0.6097468 0.5666267 0.5941039 0.5161451 0.3346693
5 0.3180095 0.4640975 0.3240645 0.4952157 0.3344695 0.4931911 0.3284145 0.4620728
5 0.3485294 0.5654474 0.3424743 0.5343293 0.3320693 0.5363539 0.3381244 0.5674720
5 0.3456424 0.6061090 0.3516975 0.6372271 0.3621025 0.6352025 0.3560475 0.6040843
5 0.3596196 0.6779400 0.3656746 0.7090582 0.3760796 0.7070335 0.3700245 0.6759154
3 0.7046329 0.5735188 0.6917477 0.5072992 0.6619424 0.5130988 0.6748276 0.5793184
3 0.6753376 0.4229642 0.6624523 0.3567446 0.6326470 0.3625442 0.6455323 0.4287638
3 0.6898800 0.4977018 0.6769949 0.4314822 0.6471897 0.4372817 0.6600749 0.5035013
3 0.6178944 0.2867271 0.6307795 0.3529466 0.6605848 0.3471470 0.6476997 0.2809275
3 0.6029154 0.2097475 0.6158006 0.2759670 0.6456059 0.2701674 0.6327206 0.2039479
2 0.5764727 0.2842027 0.6263127 0.5403399 0.6591216 0.5339558 0.6092817 0.2778186
2 0.4182625 0.6580838 0.3684225 0.4019466 0.3356135 0.4083307 0.3854535 0.6644678
2 0.6027750 0.5916911 0.4403040 0.6754214 0.4628695 0.7192076 0.6253405 0.6354773
2 0.3918528 0.3542393 0.5543239 0.2705091 0.5317584 0.2267229 0.3692874 0.3104530
5 0.3512188 0.3770863 0.3722917 0.3662263 0.3650891 0.3522503 0.3440162 0.3631103
