1 0.4449273 0.5658037 0.4449601 0.5033758 0.4180029 0.5033616 0.4179702 0.5657896
1 0.5434784 0.5035303 0.5434455 0.5659582 0.5704027 0.5659723 0.5704355 0.5035444
1 0.4449638 0.4964749 0.4449965 0.4340469 0.4180393 0.4340328 0.4180065 0.4964607
1 0.5435147 0.4342014 0.5434819 0.4966293 0.5704391 0.4966435 0.5704719 0.4342155
1 0.4180763 0.3634202 0.4180436 0.4258481 0.4450008 0.4258623 0.4450335 0.3634343
1 0.5704762 0.4260309 0.5705089 0.3636029 0.5435517 0.3635888 0.5435190 0.4260167
1 0.4450365 0.3578174 0.4450693 0.2953895 0.4181120 0.2953754 0.4180793 0.3578033
1 0.5435875 0.2955440 0.5435547 0.3579718 0.5705119 0.3579860 0.5705447 0.2955582
4 0.3489379 0.3079917 0.3489591 0.2676787 0.3243099 0.2676657 0.3242888 0.3079787
4 0.3489636 0.2589480 0.3489848 0.2186350 0.3243357 0.2186221 0.3243145 0.2589351
0 0.4597607 0.3083620 0.4596319 0.5535641 0.5378053 0.5536052 0.5379341 0.3084031
5 0.3286643 0.3374361 0.3286489 0.3668728 0.3387466 0.3668782 0.3387620 0.3374414
5 0.3286252 0.4119107 0.3286098 0.4413475 0.3387075 0.4413528 0.3387229 0.4119160
5 0.3386698 0.5132493 0.3386852 0.4838125 0.3285874 0.4838071 0.3285720 0.5132440
5 0.3386309 0.5872855 0.3386463 0.5578487 0.3285486 0.5578434 0.3285332 0.5872802
3 0.6708328 0.6158303 0.6708646 0.5553086 0.6419169 0.5552933 0.6418851 0.6158151
3 0.6709142 0.4606538 0.6709460 0.4001320 0.6419984 0.4001168 0.6419666 0.4606386
3 0.6708738 0.5376858 0.6709056 0.4771639 0.6419579 0.4771487 0.6419261 0.5376705
3 0.6420394 0.3219722 0.6420076 0.3824940 0.6709553 0.3825092 0.6709870 0.3219874
3 0.6420810 0.2426293 0.6420493 0.3031511 0.6709969 0.3031663 0.6710287 0.2426445
2 0.6354530 0.5565557 0.6355878 0.2998101 0.6036795 0.2997934 0.6035448 0.5565391
2 0.3871193 0.5562221 0.3872541 0.2994763 0.3553459 0.2994596 0.3552112 0.5562053
2 0.4159745 0.6436172 0.5738080 0.6438292 0.5738777 0.5919182 0.4160443 0.5917062
2 0.4161720 0.2674446 0.5740055 0.2676567 0.5740752 0.2157456 0.4162418 0.2155336
5 0.3754655 0.2691745 0.3933753 0.2691985 0.3933978 0.2524586 0.3754880 0.2524346
