1 0.4242072 0.6444519 0.4296761 0.7120638 0.4579824 0.7097741 0.4525135 0.6421623
1 0.5883141 0.6818610 0.5828452 0.6142492 0.5545389 0.6165388 0.5600078 0.6841507
1 0.4183815 0.5724287 0.4238504 0.6400406 0.4521568 0.6377510 0.4466878 0.5701392
1 0.5487131 0.5445157 0.5541821 0.6121275 0.5824885 0.6098379 0.5770195 0.5422261
1 0.4462231 0.5643943 0.4407542 0.4967824 0.4124478 0.4990720 0.4179167 0.5666839
1 0.5765548 0.5364812 0.5710859 0.4688693 0.5427796 0.4711590 0.5482485 0.5387709
1 0.4405053 0.4937050 0.4350363 0.4260932 0.4067300 0.4283828 0.4121990 0.4959947
1 0.5370617 0.4004698 0.5425306 0.4680817 0.5708369 0.4657921 0.5653680 0.3981802
4 0.3365230 0.4640007 0.3329336 0.4196239 0.3070474 0.4217177 0.3106368 0.4660946
4 0.3324019 0.4130511 0.3288124 0.3686744 0.3029262 0.3707682 0.3065156 0.4151450
0 0.5540188 0.6838001 0.5326169 0.4192103 0.4505421 0.4258491 0.4719440 0.6904389
5 0.3176253 0.4950927 0.3201939 0.5268484 0.3308069 0.5259900 0.3282383 0.4942343
5 0.3370651 0.6033587 0.3344965 0.5716031 0.3238834 0.5724616 0.3264520 0.6042173
5 0.3299249 0.6471521 0.3324935 0.6789078 0.3431066 0.6780494 0.3405380 0.6462936
5 0.3361462 0.7240655 0.3387149 0.7558212 0.3493279 0.7549627 0.3467593 0.7232070
3 0.6969600 0.7125946 0.6915962 0.6462819 0.6611839 0.6487418 0.6665478 0.7150546
3 0.6481443 0.4875349 0.6535082 0.5538477 0.6839204 0.5513877 0.6785566 0.4850749
3 0.6546173 0.5675604 0.6599812 0.6338732 0.6903936 0.6314132 0.6850297 0.5651004
3 0.6773540 0.4702062 0.6719901 0.4038935 0.6415778 0.4063534 0.6469416 0.4726661
3 0.6349106 0.3239271 0.6402744 0.3902399 0.6706867 0.3877800 0.6653229 0.3214672
2 0.6551952 0.6589890 0.6333604 0.3890476 0.5998623 0.3917572 0.6216971 0.6616985
2 0.3419175 0.4470010 0.3637522 0.7169424 0.3972504 0.7142328 0.3754156 0.4442915
2 0.5929823 0.7058936 0.4240021 0.7420839 0.4352367 0.7945404 0.6042168 0.7583501
2 0.5613723 0.3151023 0.3923921 0.3512926 0.4036267 0.4037492 0.5726069 0.3675589
5 0.3607032 0.4151024 0.3812853 0.4106944 0.3776768 0.3938457 0.3570948 0.3982537
