1 0.4162550 0.6180278 0.4196154 0.6849287 0.4481351 0.6834962 0.4447747 0.6165953
1 0.5484585 0.6004385 0.5518189 0.6673394 0.5803386 0.6659069 0.5769782 0.5990061
1 0.4444647 0.6104226 0.4411042 0.5435216 0.4125846 0.5449542 0.4159450 0.6118551
1 0.5447881 0.5273650 0.5481485 0.5942659 0.5766682 0.5928334 0.5733078 0.5259324
1 0.4088463 0.4705275 0.4122066 0.5374285 0.4407263 0.5359960 0.4373659 0.4690951
1 0.5410497 0.4529384 0.5444100 0.5198393 0.5729298 0.5184068 0.5695694 0.4515058
1 0.4371239 0.4642758 0.4337634 0.3973748 0.4052438 0.3988073 0.4086042 0.4657083
1 0.5693274 0.4466866 0.5659669 0.3797857 0.5374472 0.3812182 0.5408076 0.4481192
4 0.3332531 0.4261386 0.3310456 0.3821896 0.3049683 0.3834995 0.3071758 0.4274485
4 0.3306566 0.3744459 0.3284491 0.3304970 0.3023718 0.3318068 0.3045793 0.3757558
0 0.5455804 0.6623933 0.5323072 0.3981414 0.4496013 0.4022956 0.4628745 0.6665476
5 0.3133475 0.4576062 0.3149343 0.4891977 0.3256159 0.4886612 0.3240291 0.4570697
5 0.3295588 0.5671584 0.3279720 0.5355668 0.3172904 0.5361034 0.3188772 0.5676949
5 0.3210968 0.6118832 0.3226836 0.6434747 0.3333652 0.6429383 0.3317784 0.6113466
5 0.3250164 0.6899184 0.3266032 0.7215099 0.3372848 0.7209734 0.3356980 0.6893818
3 0.6888722 0.7054205 0.6855752 0.6397815 0.6549519 0.6413198 0.6582490 0.7069588
3 0.6806569 0.5418624 0.6773598 0.4762234 0.6467365 0.4777616 0.6500335 0.5434005
3 0.6508148 0.5589542 0.6541117 0.6245933 0.6847351 0.6230551 0.6814381 0.5574161
3 0.6425993 0.3953961 0.6458964 0.4610351 0.6765197 0.4594969 0.6732226 0.3938579
3 0.6723191 0.3758684 0.6690221 0.3102294 0.6383988 0.3117676 0.6416957 0.3774066
2 0.6009842 0.3771946 0.6146789 0.6498367 0.6484376 0.6481410 0.6347429 0.3754990
2 0.3867881 0.6829526 0.3730935 0.4103104 0.3393348 0.4120061 0.3530295 0.6846483
2 0.5847098 0.6917981 0.4151611 0.7143561 0.4223620 0.7684786 0.5919107 0.7459207
2 0.4024465 0.3719876 0.5719952 0.3494298 0.5647944 0.2953072 0.3952457 0.3178651
5 0.3591360 0.3797688 0.3792580 0.3770916 0.3769647 0.3598545 0.3568426 0.3625317
