1 0.4343584 0.6092840 0.4452682 0.6742964 0.4724812 0.6697297 0.4615715 0.6047174
1 0.5936761 0.6158544 0.5827664 0.5508422 0.5555534 0.5554088 0.5664632 0.6204211
1 0.4612392 0.6027375 0.4503294 0.5377254 0.4231164 0.5422920 0.4340262 0.6073042
1 0.5443113 0.4884168 0.5552212 0.5534290 0.5824342 0.5488623 0.5715244 0.4838501
1 0.4497890 0.5345051 0.4388792 0.4694929 0.4116662 0.4740595 0.4225760 0.5390718
1 0.5709839 0.4806299 0.5600742 0.4156176 0.5328612 0.4201843 0.5437709 0.4851965
1 0.4387551 0.4687538 0.4278454 0.4037415 0.4006324 0.4083081 0.4115421 0.4733204
1 0.5218274 0.3544328 0.5327371 0.4194452 0.5599501 0.4148785 0.5490404 0.3498662
4 0.3377787 0.4615707 0.3304705 0.4180204 0.3055878 0.4221960 0.3128960 0.4657463
4 0.3266756 0.4345835 0.3193674 0.3910332 0.2944847 0.3952088 0.3017929 0.4387591
0 0.5624908 0.6316786 0.5196515 0.3763961 0.4407353 0.3896392 0.4835746 0.6449217
5 0.3371008 0.5203785 0.3319786 0.4898553 0.3217861 0.4915657 0.3269082 0.5220889
5 0.3338626 0.5635301 0.3389847 0.5940533 0.3491772 0.5923429 0.3440551 0.5618197
5 0.3455210 0.6330032 0.3506431 0.6635264 0.3608356 0.6618159 0.3557135 0.6312927
5 0.3728410 0.7333567 0.3677188 0.7028335 0.3575262 0.7045439 0.3626484 0.7350671
3 0.6589502 0.5625283 0.6698128 0.6272594 0.6990337 0.6223558 0.6881711 0.5576247
3 0.6337876 0.4125822 0.6446502 0.4773133 0.6738710 0.4724097 0.6630085 0.4076785
3 0.6863622 0.5468451 0.6754996 0.4821140 0.6462786 0.4870176 0.6571413 0.5517488
3 0.6211160 0.3370715 0.6319786 0.4018026 0.6611995 0.3968990 0.6503369 0.3321679
3 0.6483337 0.3202304 0.6374710 0.2554994 0.6082502 0.2604030 0.6191128 0.3251340
2 0.6552747 0.5806090 0.6126182 0.3264156 0.5804066 0.3318211 0.6230631 0.5860144
2 0.4154129 0.6872357 0.3727563 0.4330423 0.3405446 0.4384478 0.3832012 0.6926413
2 0.4578314 0.7513452 0.6188018 0.6797884 0.5987938 0.6347793 0.4378233 0.7063362
2 0.5377954 0.2712862 0.3768249 0.3428430 0.3968330 0.3878521 0.5578035 0.3162953
5 0.3707171 0.3842695 0.3501154 0.3934276 0.3564571 0.4076936 0.3770588 0.3985355
