1 0.4583940 0.6782844 0.4543868 0.6143314 0.4272756 0.6160302 0.4312828 0.6799831
1 0.5526609 0.5952202 0.5566681 0.6591733 0.5837792 0.6574745 0.5797721 0.5935215
1 0.4229332 0.5467265 0.4269403 0.6106795 0.4540515 0.6089808 0.4500444 0.5450277
1 0.5483184 0.5259166 0.5523256 0.5898696 0.5794368 0.5881708 0.5754296 0.5242178
1 0.4185103 0.4761395 0.4225175 0.5400925 0.4496287 0.5383938 0.4456215 0.4744408
1 0.5750139 0.5175839 0.5710067 0.4536309 0.5438955 0.4553296 0.5479027 0.5192826
1 0.4453666 0.4703736 0.4413594 0.4064205 0.4142483 0.4081193 0.4182554 0.4720724
1 0.5396335 0.3873094 0.5436406 0.4512625 0.5707518 0.4495637 0.5667446 0.3856107
4 0.3462372 0.4372539 0.3436013 0.3951875 0.3188117 0.3967408 0.3214475 0.4388072
4 0.3431653 0.3882281 0.3405295 0.3461617 0.3157398 0.3477150 0.3183756 0.3897814
0 0.4388769 0.6208831 0.6092412 0.5610670 0.5683581 0.4446266 0.3979939 0.5044428
5 0.3397032 0.4967028 0.3378132 0.4665408 0.3276584 0.4671770 0.3295483 0.4973391
5 0.3323232 0.5416245 0.3342131 0.5717866 0.3443679 0.5711504 0.3424780 0.5409882
5 0.3368265 0.6134950 0.3387164 0.6436571 0.3488713 0.6430207 0.3469813 0.6128587
5 0.3414638 0.6875043 0.3433537 0.7176664 0.3535086 0.7170301 0.3516186 0.6868680
3 0.6543045 0.6307310 0.6582401 0.6935413 0.6873522 0.6917172 0.6834166 0.6289069
3 0.6776326 0.5365970 0.6736970 0.4737867 0.6445849 0.4756109 0.6485205 0.5384212
3 0.6494098 0.5526148 0.6533455 0.6154251 0.6824576 0.6136010 0.6785219 0.5507907
3 0.6396902 0.3974946 0.6436259 0.4603049 0.6727380 0.4584807 0.6688024 0.3956704
3 0.6677682 0.3791667 0.6638326 0.3163565 0.6347205 0.3181806 0.6386561 0.3809908
2 0.5999449 0.3815028 0.6161768 0.6405569 0.6482677 0.6385461 0.6320358 0.3794920
2 0.4001127 0.6797318 0.3838806 0.4206777 0.3517898 0.4226885 0.3680218 0.6817426
2 0.4350032 0.7592919 0.5965411 0.7324818 0.5880724 0.6814555 0.4265344 0.7082655
2 0.4114413 0.3832559 0.5729793 0.3564458 0.5645106 0.3054194 0.4029726 0.3322296
5 0.3702741 0.3920263 0.3896461 0.3888112 0.3869465 0.3725446 0.3675744 0.3757597
