1 0.4078954 0.5603685 0.4006542 0.6288949 0.4295600 0.6319494 0.4368012 0.5634230
1 0.5400488 0.5973614 0.5328076 0.6658877 0.5617135 0.6689422 0.5689546 0.6004159
1 0.4156146 0.4873186 0.4083734 0.5558449 0.4372792 0.5588994 0.4445204 0.4903731
1 0.5694327 0.5958923 0.5766739 0.5273660 0.5477681 0.5243115 0.5405269 0.5928378
1 0.4451413 0.4844969 0.4523826 0.4159706 0.4234767 0.4129160 0.4162354 0.4814423
1 0.5772948 0.5214896 0.5845360 0.4529634 0.5556302 0.4499089 0.5483890 0.5184351
1 0.4527176 0.4127997 0.4599587 0.3442734 0.4310529 0.3412189 0.4238117 0.4097453
1 0.5848710 0.4497926 0.5921122 0.3812662 0.5632064 0.3782118 0.5559652 0.4467382
4 0.3568456 0.3336838 0.3616014 0.2886782 0.3351724 0.2858854 0.3304167 0.3308910
4 0.3623063 0.2820078 0.3670620 0.2370021 0.3406329 0.2342094 0.3358773 0.2792151
0 0.5286987 0.6467963 0.5573157 0.3759815 0.4734858 0.3671232 0.4448688 0.6379380
5 0.3396035 0.3925515 0.3430185 0.3602344 0.3321962 0.3590909 0.3287813 0.3914079
5 0.3313114 0.4710234 0.3347264 0.4387063 0.3239041 0.4375627 0.3204891 0.4698798
5 0.3158990 0.5133181 0.3124841 0.5456352 0.3233064 0.5467788 0.3267213 0.5144616
5 0.3150631 0.6247888 0.3184780 0.5924716 0.3076558 0.5913280 0.3042408 0.6236452
3 0.6618661 0.7519851 0.6690375 0.6841202 0.6380058 0.6808411 0.6308345 0.7487060
3 0.6791438 0.5884798 0.6863151 0.5206149 0.6552835 0.5173358 0.6481122 0.5852007
3 0.6705669 0.6696463 0.6777382 0.6017812 0.6467065 0.5985022 0.6395352 0.6663671
3 0.6639842 0.4349968 0.6568129 0.5028617 0.6878446 0.5061408 0.6950158 0.4382760
3 0.6966788 0.4225394 0.7038500 0.3546745 0.6728184 0.3513954 0.6656471 0.4192603
2 0.6260103 0.4005339 0.5969744 0.6753126 0.6311927 0.6789285 0.6602287 0.4041498
2 0.3696422 0.6057144 0.3986781 0.3309356 0.3644597 0.3273197 0.3354238 0.6020985
2 0.3826405 0.7048944 0.5553625 0.7532433 0.5699810 0.7010202 0.3972590 0.6526712
2 0.4245241 0.3085315 0.5972461 0.3568805 0.6118646 0.3046573 0.4391426 0.2563083
5 0.3864523 0.2998171 0.4078125 0.3057963 0.4124369 0.2892761 0.3910767 0.2832968
