1 0.4187783 0.5037968 0.4146670 0.5687774 0.4420285 0.5705086 0.4461398 0.5055280
1 0.5685387 0.5917023 0.5726500 0.5267217 0.5452883 0.5249906 0.5411771 0.5899712
1 0.4464518 0.5005966 0.4505632 0.4356160 0.4232016 0.4338849 0.4190903 0.4988655
1 0.5729620 0.5217904 0.5770732 0.4568098 0.5497116 0.4550787 0.5456004 0.5200593
1 0.4277067 0.3626783 0.4235955 0.4276590 0.4509570 0.4293901 0.4550683 0.3644095
1 0.5774671 0.4505840 0.5815784 0.3856033 0.5542168 0.3838722 0.5501055 0.4488528
1 0.4320481 0.2940612 0.4279369 0.3590418 0.4552985 0.3607730 0.4594097 0.2957924
1 0.5818085 0.3819668 0.5859199 0.3169863 0.5585582 0.3152550 0.5544469 0.3802357
4 0.3615213 0.2948582 0.3641761 0.2528980 0.3391551 0.2513149 0.3365003 0.2932752
4 0.3646505 0.2454022 0.3673052 0.2034417 0.3422841 0.2018587 0.3396294 0.2438192
0 0.5364463 0.5738637 0.5525618 0.3191514 0.4732223 0.3141316 0.4571068 0.5688440
5 0.3475241 0.3525196 0.3494575 0.3219611 0.3392023 0.3213122 0.3372689 0.3518707
5 0.3427725 0.4276206 0.3447059 0.3970621 0.3344506 0.3964133 0.3325172 0.4269717
5 0.3381853 0.5001217 0.3401188 0.4695633 0.3298635 0.4689144 0.3279301 0.4994729
5 0.3251399 0.5435734 0.3232065 0.5741318 0.3334617 0.5747806 0.3353952 0.5442222
3 0.6666380 0.6590927 0.6706625 0.5954828 0.6412711 0.5936232 0.6372465 0.6572331
3 0.6511716 0.4371415 0.6471471 0.5007515 0.6765386 0.5026110 0.6805631 0.4390011
3 0.6716237 0.5802909 0.6756483 0.5166810 0.6462568 0.5148214 0.6422322 0.5784313
3 0.6561574 0.3583397 0.6521328 0.4219496 0.6815243 0.4238092 0.6855490 0.3601993
3 0.6865865 0.3437991 0.6906111 0.2801891 0.6612195 0.2783295 0.6571950 0.3419394
2 0.6347219 0.5931623 0.6512574 0.3318118 0.6188747 0.3297629 0.6023393 0.5911134
2 0.3843405 0.5512167 0.4008760 0.2898662 0.3684933 0.2878174 0.3519577 0.5491679
2 0.4033071 0.6438557 0.5663272 0.6711658 0.5749478 0.6197075 0.4119277 0.5923973
2 0.4273075 0.2645193 0.5903276 0.2918295 0.5989483 0.2403711 0.4359282 0.2130609
5 0.4114669 0.2466965 0.3918777 0.2434148 0.3891093 0.2599391 0.4086986 0.2632209
