1 0.4544418 0.6429803 0.4491532 0.5746847 0.4201698 0.5769292 0.4254586 0.6452248
1 0.5537733 0.5495221 0.5590621 0.6178178 0.5880454 0.6155733 0.5827566 0.5472777
1 0.4487229 0.5691291 0.4434341 0.5008335 0.4144508 0.5030780 0.4197396 0.5713735
1 0.5480543 0.4756708 0.5533432 0.5439664 0.5823265 0.5417219 0.5770376 0.4734263
1 0.4086259 0.4278592 0.4139147 0.4961547 0.4428980 0.4939103 0.4376092 0.4256147
1 0.5765015 0.4665032 0.5712128 0.3982075 0.5422295 0.4004520 0.5475182 0.4687476
1 0.4030129 0.3553756 0.4083016 0.4236712 0.4372849 0.4214267 0.4319962 0.3531312
1 0.5708885 0.3940197 0.5655997 0.3257240 0.5366164 0.3279685 0.5419052 0.3962641
4 0.3308631 0.3898029 0.3273617 0.3445889 0.3008613 0.3466411 0.3043626 0.3918551
4 0.3268174 0.3375600 0.3233161 0.2923460 0.2968157 0.2943982 0.3003170 0.3396122
0 0.4478969 0.3531234 0.4688283 0.6234184 0.5528814 0.6169094 0.5319500 0.3466144
5 0.3114422 0.4219794 0.3139403 0.4542385 0.3247931 0.4533980 0.3222950 0.4211390
5 0.3175856 0.5013121 0.3200838 0.5335712 0.3309366 0.5327307 0.3284384 0.5004717
5 0.3235164 0.5778985 0.3260145 0.6101576 0.3368673 0.6093172 0.3343692 0.5770581
5 0.3429746 0.6881830 0.3404765 0.6559238 0.3296237 0.6567643 0.3321218 0.6890234
3 0.6628642 0.5828134 0.6680827 0.6502032 0.6992000 0.6477935 0.6939815 0.5804037
3 0.6500636 0.4175144 0.6552821 0.4849042 0.6863995 0.4824946 0.6811809 0.4151047
3 0.6927539 0.5645514 0.6875352 0.4971616 0.6564180 0.4995713 0.6616367 0.5669611
3 0.6799533 0.3992524 0.6747347 0.3318627 0.6436174 0.3342724 0.6488360 0.4016621
3 0.6734082 0.3147337 0.6681896 0.2473440 0.6370723 0.2497537 0.6422909 0.3171434
2 0.6009029 0.3187338 0.6223269 0.5953890 0.6566359 0.5927321 0.6352121 0.3160769
2 0.3922156 0.6469747 0.3707917 0.3703195 0.3364826 0.3729764 0.3579066 0.6496316
2 0.5927932 0.6403782 0.4197694 0.6758718 0.4308278 0.7297791 0.6038516 0.6942855
2 0.4018086 0.1868524 0.5245180 0.4020120 0.5597736 0.3819051 0.4370643 0.1667455
5 0.3732887 0.3186467 0.3523046 0.3229514 0.3558071 0.3400251 0.3767911 0.3357205
