1 0.4762183 0.5915012 0.4658328 0.5230904 0.4376618 0.5273670 0.4480473 0.5957779
1 0.6025507 0.5407517 0.5921652 0.4723408 0.5639942 0.4766175 0.5743797 0.5450283
1 0.4270666 0.4575745 0.4374521 0.5259854 0.4656231 0.5217087 0.4552375 0.4532979
1 0.5819371 0.4926668 0.5715516 0.4242560 0.5433806 0.4285327 0.5537661 0.4969435
1 0.4162751 0.3864897 0.4266606 0.4549006 0.4548317 0.4506239 0.4444461 0.3822131
1 0.5426075 0.3357403 0.5529930 0.4041511 0.5811640 0.3998744 0.5707785 0.3314636
1 0.4444326 0.3821242 0.4340471 0.3137132 0.4058761 0.3179898 0.4162616 0.3864008
1 0.5322084 0.2672405 0.5425940 0.3356512 0.5707650 0.3313746 0.5603794 0.2629638
4 0.3398423 0.3693078 0.3329867 0.3241488 0.3072141 0.3280613 0.3140697 0.3732203
4 0.3323472 0.3199362 0.3254915 0.2747772 0.2997189 0.2786897 0.3065746 0.3238487
0 0.5697451 0.5540740 0.5295275 0.2891548 0.4478771 0.3015503 0.4880947 0.5664695
5 0.3228345 0.4002567 0.3276790 0.4321684 0.3382707 0.4305605 0.3334262 0.3986488
5 0.3342161 0.4752293 0.3390607 0.5071410 0.3496524 0.5055330 0.3448079 0.4736213
5 0.3606401 0.5779103 0.3557955 0.5459986 0.3452038 0.5476065 0.3500484 0.5795182
5 0.3719547 0.6524416 0.3671102 0.6205299 0.3565185 0.6221378 0.3613630 0.6540495
3 0.6708719 0.4879898 0.6811046 0.5553942 0.7114181 0.5507922 0.7011853 0.4833879
3 0.6877030 0.3945782 0.6774703 0.3271738 0.6471568 0.3317757 0.6573895 0.3991801
3 0.6994755 0.4721252 0.6892427 0.4047208 0.6589292 0.4093227 0.6691620 0.4767271
3 0.6352143 0.2531086 0.6454470 0.3205129 0.6757604 0.3159110 0.6655277 0.2485067
3 0.6636348 0.2360374 0.6534021 0.1686331 0.6230887 0.1732351 0.6333213 0.2406394
2 0.6666670 0.5055095 0.6265535 0.2412763 0.5932360 0.2463343 0.6333496 0.5105674
2 0.3432063 0.3467746 0.3833198 0.6110078 0.4166373 0.6059499 0.3765238 0.3417167
2 0.4595549 0.6747800 0.6267315 0.6076227 0.6075532 0.5598818 0.4403766 0.6270391
2 0.5500642 0.1811938 0.3828876 0.2483510 0.4020658 0.2960920 0.5692424 0.2289348
5 0.3751954 0.2908711 0.3538505 0.2994456 0.3600493 0.3148765 0.3813942 0.3063020
