1 0.4187763 0.5323642 0.4136241 0.5961190 0.4404616 0.5982879 0.4456138 0.5345330
1 0.5640505 0.6247414 0.5692027 0.5609865 0.5423653 0.5588177 0.5372131 0.6225726
1 0.4242966 0.4640553 0.4191444 0.5278101 0.4459819 0.5299789 0.4511341 0.4662241
1 0.5695708 0.5564325 0.5747230 0.4926776 0.5478856 0.4905087 0.5427333 0.5542637
1 0.4299191 0.3944815 0.4247669 0.4582363 0.4516044 0.4604051 0.4567566 0.3966503
1 0.5535081 0.4209349 0.5483558 0.4846898 0.5751932 0.4868586 0.5803455 0.4231037
1 0.4353372 0.3274375 0.4301850 0.3911924 0.4570225 0.3933612 0.4621747 0.3296064
1 0.5806113 0.4198148 0.5857636 0.3560598 0.5589262 0.3538910 0.5537739 0.4176459
4 0.3662308 0.3249703 0.3695809 0.2835156 0.3450404 0.2815324 0.3416903 0.3229871
4 0.3701360 0.2766481 0.3734860 0.2351934 0.3489455 0.2332103 0.3455954 0.2746649
0 0.4753372 0.3489542 0.4550770 0.5996572 0.5329003 0.6059464 0.5531605 0.3552434
5 0.3515415 0.3807806 0.3539672 0.3507649 0.3439117 0.3499523 0.3414860 0.3799679
5 0.3456115 0.4541596 0.3480371 0.4241438 0.3379816 0.4233312 0.3355560 0.4533469
5 0.3398867 0.5249983 0.3423124 0.4949826 0.3322569 0.4941700 0.3298313 0.5241857
5 0.3339916 0.5979453 0.3364173 0.5679297 0.3263618 0.5671171 0.3239361 0.5971327
3 0.6589953 0.6954561 0.6640628 0.6327499 0.6352396 0.6304206 0.6301721 0.6931269
3 0.6575913 0.5472425 0.6910408 0.4902780 0.6613554 0.4728468 0.6279058 0.5298113
3 0.6652175 0.6184611 0.6702850 0.5557549 0.6414618 0.5534257 0.6363943 0.6161318
3 0.6775734 0.4655674 0.6826409 0.4028612 0.6538177 0.4005319 0.6487502 0.4632381
3 0.6838910 0.3873917 0.6889585 0.3246855 0.6601354 0.3223562 0.6550679 0.3850625
2 0.6177725 0.3708346 0.5970827 0.6268537 0.6288474 0.6294208 0.6495371 0.3734016
2 0.3842473 0.5770653 0.4049371 0.3210462 0.3731725 0.3184792 0.3524827 0.5744984
2 0.4000936 0.6685658 0.5603307 0.7028636 0.5709800 0.6531109 0.4107429 0.6188130
2 0.4300463 0.2979270 0.5902833 0.3322248 0.6009327 0.2824721 0.4406956 0.2481743
5 0.4163692 0.2801792 0.3968637 0.2760042 0.3934641 0.2918865 0.4129697 0.2960616
