1 0.4208759 0.4940140 0.4197498 0.5608167 0.4482722 0.5612975 0.4493983 0.4944948
1 0.5809866 0.5672240 0.5821127 0.5004213 0.5535903 0.4999405 0.5524642 0.5667433
1 0.4495082 0.4879773 0.4506344 0.4211746 0.4221119 0.4206938 0.4209858 0.4874965
1 0.5822226 0.4939038 0.5833487 0.4271011 0.5548263 0.4266202 0.5537001 0.4934230
1 0.4507670 0.4132995 0.4518932 0.3464968 0.4233708 0.3460159 0.4222446 0.4128187
1 0.5834813 0.4192260 0.5846075 0.3524233 0.5560851 0.3519424 0.5549589 0.4187452
1 0.4519802 0.3413372 0.4531063 0.2745343 0.4245839 0.2740535 0.4234578 0.3408564
1 0.5846945 0.3472638 0.5858206 0.2804610 0.5572982 0.2799801 0.5561721 0.3467829
4 0.3512012 0.2840867 0.3519192 0.2414948 0.3258410 0.2410552 0.3251230 0.2836471
4 0.3520755 0.2322195 0.3527935 0.1896276 0.3267152 0.1891880 0.3259973 0.2317799
0 0.4684121 0.2896946 0.4640037 0.5512027 0.5467222 0.5525971 0.5511305 0.2910891
5 0.3393996 0.3459782 0.3399295 0.3145449 0.3292512 0.3143649 0.3287213 0.3457982
5 0.3279235 0.3931270 0.3273936 0.4245603 0.3380719 0.4247403 0.3386018 0.3933070
5 0.3266417 0.4691626 0.3261119 0.5005960 0.3367901 0.5007761 0.3373200 0.4693426
5 0.3354702 0.5790746 0.3360001 0.5476412 0.3253218 0.5474612 0.3247920 0.5788946
3 0.6863484 0.6244788 0.6874412 0.5596520 0.6568218 0.5591358 0.6557290 0.6239626
3 0.6595883 0.3950257 0.6584955 0.4598523 0.6891149 0.4603685 0.6902077 0.3955418
3 0.6877416 0.5418352 0.6888344 0.4770085 0.6582150 0.4764923 0.6571222 0.5413191
3 0.6905080 0.3777250 0.6916009 0.3128983 0.6609815 0.3123822 0.6598886 0.3772088
3 0.6623960 0.2284713 0.6613032 0.2932982 0.6919225 0.2938144 0.6930153 0.2289875
2 0.6207819 0.2872891 0.6161933 0.5594876 0.6499582 0.5600567 0.6545468 0.2878583
2 0.3872976 0.5483273 0.3918862 0.2761289 0.3581213 0.2755598 0.3535328 0.5477582
2 0.4150233 0.6421393 0.5830531 0.6496428 0.5855016 0.5948112 0.4174719 0.5873077
2 0.4217297 0.2443101 0.5897595 0.2518136 0.5922080 0.1969819 0.4241782 0.1894785
5 0.3996385 0.2274524 0.3802713 0.2265875 0.3794798 0.2443120 0.3988470 0.2451769
