1 0.4393741 0.5715626 0.4473514 0.5036372 0.4191698 0.5003275 0.4111926 0.5682529
1 0.5473996 0.5401909 0.5394223 0.6081164 0.5676038 0.6114261 0.5755811 0.5435007
1 0.4274915 0.4294698 0.4195142 0.4973953 0.4476957 0.5007050 0.4556731 0.4327795
1 0.5759255 0.5405685 0.5839028 0.4726430 0.5557213 0.4693332 0.5477440 0.5372587
1 0.4561715 0.4285353 0.4641488 0.3606098 0.4359672 0.3573001 0.4279900 0.4252256
1 0.5844012 0.4683988 0.5923786 0.4004733 0.5641970 0.3971636 0.5562197 0.4650891
1 0.4441347 0.2877547 0.4361575 0.3556802 0.4643390 0.3589900 0.4723163 0.2910644
1 0.5925688 0.3988534 0.6005461 0.3309278 0.5723645 0.3276182 0.5643873 0.3955437
4 0.3719921 0.2782091 0.3771852 0.2339903 0.3514075 0.2309629 0.3462144 0.2751818
4 0.3778789 0.2280840 0.3830720 0.1838650 0.3572943 0.1808376 0.3521012 0.2250566
0 0.5357571 0.5885324 0.5668490 0.3237892 0.4851534 0.3141947 0.4540614 0.5789379
5 0.3545604 0.3351347 0.3582963 0.3033236 0.3477140 0.3020808 0.3439781 0.3338919
5 0.3387748 0.3781977 0.3350388 0.4100087 0.3456210 0.4112515 0.3493570 0.3794405
5 0.3369912 0.4847335 0.3407272 0.4529224 0.3301449 0.4516796 0.3264090 0.4834906
5 0.3281046 0.5604023 0.3318405 0.5285912 0.3212582 0.5273484 0.3175223 0.5591595
3 0.6642829 0.6944624 0.6721330 0.6276193 0.6418295 0.6240604 0.6339794 0.6909035
3 0.6829090 0.5358641 0.6907591 0.4690208 0.6604555 0.4654620 0.6526054 0.5323052
3 0.6512094 0.5441926 0.6433591 0.6110357 0.6736627 0.6145947 0.6815129 0.5477514
3 0.6922888 0.4559963 0.7001389 0.3891530 0.6698354 0.3855941 0.6619852 0.4524373
3 0.6793590 0.3045017 0.6715089 0.3713448 0.7018124 0.3749037 0.7096626 0.3080605
2 0.6352355 0.6221821 0.6665899 0.3552039 0.6332506 0.3512885 0.6018962 0.6182666
2 0.3814506 0.5432866 0.4128050 0.2763084 0.3794656 0.2723930 0.3481113 0.5393711
2 0.3923180 0.6400447 0.5604889 0.6923249 0.5760782 0.6421785 0.4079074 0.5898982
2 0.6212308 0.2577108 0.4530600 0.2054304 0.4374706 0.2555770 0.6056415 0.3078573
5 0.4008653 0.2460881 0.4219005 0.2526274 0.4269142 0.2364993 0.4058791 0.2299600
