1 0.4278267 0.5856352 0.4349122 0.6529009 0.4632072 0.6499204 0.4561217 0.5826547
1 0.5571880 0.5495396 0.5642734 0.6168052 0.5925684 0.6138247 0.5854829 0.5465591
1 0.4202946 0.5141296 0.4273800 0.5813954 0.4556750 0.5784149 0.4485896 0.5111492
1 0.5496558 0.4780341 0.5567413 0.5452997 0.5850363 0.5423192 0.5779508 0.4750535
1 0.4480035 0.5055853 0.4409180 0.4383196 0.4126230 0.4413000 0.4197085 0.5085658
1 0.5419844 0.4052044 0.5490698 0.4724700 0.5773647 0.4694896 0.5702793 0.4022239
1 0.4406109 0.4354041 0.4335254 0.3681384 0.4052304 0.3711188 0.4123159 0.4383845
1 0.5699722 0.3993084 0.5628867 0.3320428 0.5345917 0.3350232 0.5416772 0.4022889
4 0.3361075 0.4117053 0.3314039 0.3670518 0.3055316 0.3697771 0.3102352 0.4144305
4 0.3307793 0.3611218 0.3260757 0.3164683 0.3002034 0.3191936 0.3049069 0.3638470
0 0.5586098 0.6199281 0.5306771 0.3547508 0.4486243 0.3633939 0.4765570 0.6285713
5 0.3179092 0.4430928 0.3212471 0.4747816 0.3318459 0.4736652 0.3285080 0.4419763
5 0.3260003 0.5199056 0.3293382 0.5515944 0.3399371 0.5504780 0.3365991 0.5187891
5 0.3477481 0.6246318 0.3444102 0.5929429 0.3338113 0.5940593 0.3371493 0.6257482
5 0.3418548 0.6704201 0.3451928 0.7021089 0.3557916 0.7009925 0.3524536 0.6693037
3 0.7016655 0.6374240 0.6946589 0.5709078 0.6642746 0.5741084 0.6712812 0.6406245
3 0.6848066 0.4773754 0.6778001 0.4108593 0.6474158 0.4140599 0.6544223 0.4805760
3 0.6557848 0.4935103 0.6627913 0.5600265 0.6931757 0.5568260 0.6861691 0.4903098
3 0.6395983 0.3573316 0.6466048 0.4238478 0.6769893 0.4206472 0.6699827 0.3541310
3 0.6303059 0.2516279 0.6373125 0.3181440 0.6676968 0.3149434 0.6606902 0.2484273
2 0.5969280 0.3213621 0.6252587 0.5903186 0.6587504 0.5867907 0.6304196 0.3178343
2 0.3409036 0.3928006 0.3692343 0.6617569 0.4027259 0.6582291 0.3743953 0.3892727
2 0.4426588 0.7347792 0.6117138 0.6876079 0.5974460 0.6364744 0.4283910 0.6836458
2 0.4017903 0.3467962 0.5708452 0.2996249 0.5565775 0.2484914 0.3875225 0.2956628
5 0.3590116 0.3606290 0.3799286 0.3547926 0.3754008 0.3385652 0.3544838 0.3444016
