1 0.4384262 0.6074224 0.4440836 0.5419187 0.4164580 0.5395328 0.4108006 0.6050364
1 0.5654632 0.6364857 0.5711206 0.5709820 0.5434950 0.5685960 0.5378376 0.6340997
1 0.4225227 0.4693134 0.4168653 0.5348171 0.4444909 0.5372031 0.4501483 0.4716994
1 0.5715278 0.5662664 0.5771852 0.5007627 0.5495596 0.4983767 0.5439023 0.5638804
1 0.4506679 0.4656836 0.4563253 0.4001799 0.4286996 0.3977940 0.4230423 0.4632977
1 0.5557366 0.4268572 0.5500792 0.4923610 0.5777048 0.4947469 0.5833622 0.4292431
1 0.4566202 0.3967648 0.4622776 0.3312610 0.4346520 0.3288751 0.4289946 0.3943788
1 0.5616890 0.3579385 0.5560316 0.4234422 0.5836572 0.4258281 0.5893145 0.3603244
4 0.3635505 0.3252797 0.3672416 0.2825420 0.3419815 0.2803603 0.3382904 0.3230980
4 0.3678407 0.2756062 0.3715318 0.2328685 0.3462716 0.2306869 0.3425806 0.2734246
0 0.4756953 0.3516141 0.4533925 0.6098442 0.5335047 0.6167634 0.5558074 0.3585333
5 0.3481214 0.3824617 0.3507878 0.3515885 0.3404402 0.3506948 0.3377738 0.3815680
5 0.3416066 0.4578928 0.3442730 0.4270197 0.3339254 0.4261259 0.3312590 0.4569992
5 0.3353173 0.5307127 0.3379838 0.4998395 0.3276362 0.4989458 0.3249697 0.5298190
5 0.3288409 0.6056998 0.3315073 0.5748266 0.3211597 0.5739329 0.3184933 0.6048062
3 0.6386696 0.6437023 0.6330920 0.7082818 0.6627567 0.7108438 0.6683342 0.6462643
3 0.6867368 0.5447731 0.6797078 0.4905269 0.6418381 0.4954339 0.6488671 0.5496802
3 0.6695925 0.6316956 0.6751701 0.5671160 0.6455054 0.5645540 0.6399278 0.6291335
3 0.6831669 0.4745261 0.6887444 0.4099465 0.6590797 0.4073845 0.6535022 0.4719640
3 0.6660204 0.3270225 0.6604428 0.3916020 0.6901075 0.3941640 0.6956850 0.3295845
2 0.6221519 0.3762459 0.5994033 0.6396389 0.6321030 0.6424631 0.6548516 0.3790701
2 0.3806789 0.5849428 0.4034274 0.3215497 0.3707277 0.3187255 0.3479792 0.5821186
2 0.3961065 0.6793025 0.5611222 0.7170544 0.5727785 0.6661044 0.4077627 0.6283525
2 0.4290127 0.2982987 0.5940285 0.3360506 0.6056847 0.2851006 0.4406690 0.2473485
5 0.4155125 0.2800041 0.3953552 0.2753924 0.3916483 0.2915949 0.4118057 0.2962066
