1 0.4637296 0.6036481 0.4592808 0.5366038 0.4311615 0.5384697 0.4356103 0.6055139
1 0.5610869 0.5156456 0.5655356 0.5826899 0.5936549 0.5808240 0.5892062 0.5137797
1 0.4263979 0.4666794 0.4308466 0.5337238 0.4589659 0.5318580 0.4545172 0.4648135
1 0.5563233 0.4438553 0.5607720 0.5108997 0.5888913 0.5090338 0.5844426 0.4419895
1 0.4215461 0.3935599 0.4259948 0.4606043 0.4541140 0.4587384 0.4496654 0.3916941
1 0.5514714 0.3707358 0.5559202 0.4377801 0.5840395 0.4359142 0.5795907 0.3688700
1 0.4494387 0.3882778 0.4449900 0.3212335 0.4168707 0.3230993 0.4213194 0.3901436
1 0.5793641 0.3654536 0.5749153 0.2984093 0.5467960 0.3002751 0.5512448 0.3673195
4 0.3464625 0.3536846 0.3435547 0.3098626 0.3178403 0.3115689 0.3207482 0.3553908
4 0.3430927 0.3028997 0.3401850 0.2590778 0.3144706 0.2607840 0.3173783 0.3046059
0 0.4605083 0.3231342 0.4778976 0.5852009 0.5594327 0.5797907 0.5420434 0.3177240
5 0.3272845 0.3847263 0.3293735 0.4162092 0.3399141 0.4155098 0.3378251 0.3840269
5 0.3324016 0.4618450 0.3344907 0.4933278 0.3450314 0.4926284 0.3429423 0.4611456
5 0.3499714 0.5670774 0.3478823 0.5355945 0.3373417 0.5362940 0.3394307 0.5677768
5 0.3550585 0.6437421 0.3529694 0.6122593 0.3424287 0.6129587 0.3445178 0.6444415
3 0.7011216 0.6144179 0.6967716 0.5488616 0.6665639 0.5508660 0.6709139 0.6164223
3 0.6559017 0.3901803 0.6602516 0.4557366 0.6904593 0.4537322 0.6861093 0.3881758
3 0.6611945 0.4699470 0.6655445 0.5355034 0.6957522 0.5334990 0.6914023 0.4679426
3 0.6505322 0.3092613 0.6548823 0.3748177 0.6850899 0.3728132 0.6807399 0.3072568
3 0.6450806 0.2271015 0.6494306 0.2926579 0.6796383 0.2906534 0.6752883 0.2250971
2 0.6092833 0.2932825 0.6270992 0.5617766 0.6603776 0.5595685 0.6425617 0.2910743
2 0.4032369 0.6047406 0.3854209 0.3362464 0.3521425 0.3384547 0.3699585 0.6069488
2 0.5980765 0.6044822 0.4304722 0.6339254 0.4397393 0.6866781 0.6073437 0.6572349
2 0.5722296 0.2149546 0.4046253 0.2443976 0.4138924 0.2971504 0.5814967 0.2677073
5 0.3711948 0.3065206 0.3913922 0.3029728 0.3884069 0.2859775 0.3682094 0.2895254
