1 0.4302487 0.6730638 0.4437994 0.6022153 0.4144647 0.5966047 0.4009140 0.6674532
1 0.5434029 0.6618909 0.5298522 0.7327393 0.5591869 0.7383499 0.5727376 0.6675015
1 0.4438761 0.6018143 0.4574268 0.5309659 0.4280921 0.5253553 0.4145414 0.5962037
1 0.5728143 0.6671005 0.5863649 0.5962521 0.5570302 0.5906415 0.5434796 0.6614898
1 0.4419717 0.4527866 0.4284211 0.5236350 0.4577558 0.5292456 0.4713065 0.4583972
1 0.5866939 0.5945318 0.6002446 0.5236834 0.5709099 0.5180727 0.5573593 0.5889212
1 0.4553467 0.3828568 0.4417961 0.4537051 0.4711308 0.4593158 0.4846814 0.3884675
1 0.6000689 0.5246021 0.6136196 0.4537535 0.5842849 0.4481429 0.5707343 0.5189914
4 0.3817635 0.3603075 0.3906848 0.3136630 0.3638481 0.3085302 0.3549268 0.3551747
4 0.3914035 0.3099052 0.4003249 0.2632608 0.3734883 0.2581279 0.3645669 0.3047724
0 0.4955393 0.4181848 0.4429950 0.6929075 0.5280201 0.7091696 0.5805644 0.4344470
5 0.3597936 0.4152094 0.3661103 0.3821831 0.3550828 0.3800739 0.3487660 0.4131002
5 0.3451548 0.4917470 0.3514715 0.4587207 0.3404440 0.4566116 0.3341273 0.4896379
5 0.3310227 0.5656352 0.3373395 0.5326089 0.3263119 0.5304997 0.3199952 0.5635260
5 0.3117593 0.6065869 0.3054426 0.6396133 0.3164701 0.6417224 0.3227868 0.6086960
3 0.6524165 0.8430688 0.6658507 0.7728298 0.6342878 0.7667930 0.6208536 0.8370320
3 0.6829183 0.6835937 0.6963524 0.6133546 0.6647894 0.6073178 0.6513553 0.6775569
3 0.6677768 0.7627595 0.6812109 0.6925204 0.6496479 0.6864836 0.6362138 0.7567227
3 0.6982785 0.6032842 0.7117127 0.5330453 0.6801497 0.5270084 0.6667155 0.5972474
3 0.6957453 0.4454677 0.6823112 0.5157067 0.7138742 0.5217435 0.7273082 0.4515044
2 0.6277856 0.7629107 0.6796545 0.4917191 0.6449594 0.4850832 0.5930906 0.7562748
2 0.3725986 0.6337001 0.4244674 0.3625085 0.3897725 0.3558726 0.3379036 0.6270642
2 0.5689111 0.7744769 0.3968828 0.6873727 0.3733003 0.7339476 0.5453286 0.8210518
2 0.4472412 0.3473545 0.6192695 0.4344586 0.6428521 0.3878837 0.4708238 0.3007795
5 0.4125067 0.3320858 0.4348428 0.3433953 0.4424232 0.3284242 0.4200871 0.3171147
