1 0.4319582 0.5982941 0.4393062 0.6641204 0.4669342 0.6610364 0.4595862 0.5952101
1 0.5579955 0.5610259 0.5653435 0.6268521 0.5929716 0.6237681 0.5856235 0.5579418
1 0.4591574 0.5913689 0.4518094 0.5255426 0.4241813 0.5286266 0.4315293 0.5944529
1 0.5502187 0.4913584 0.5575668 0.5571846 0.5851948 0.5541006 0.5778467 0.4882743
1 0.4162605 0.4576691 0.4236085 0.5234954 0.4512366 0.5204114 0.4438886 0.4545851
1 0.5422980 0.4204008 0.5496460 0.4862271 0.5772740 0.4831430 0.5699259 0.4173167
1 0.4436038 0.4520341 0.4362558 0.3862078 0.4086278 0.3892919 0.4159758 0.4551181
1 0.5346652 0.3520235 0.5420131 0.4178498 0.5696411 0.4147658 0.5622932 0.3489395
4 0.3414852 0.4307501 0.3366066 0.3870456 0.3113437 0.3898656 0.3162223 0.4335701
4 0.3359838 0.3814668 0.3311052 0.3377624 0.3058424 0.3405824 0.3107210 0.3842868
0 0.5599316 0.6308524 0.5310042 0.3717102 0.4508866 0.3806536 0.4798140 0.6397957
5 0.3345658 0.4694938 0.3380246 0.5004785 0.3483746 0.4993231 0.3449159 0.4683384
5 0.3322307 0.5361594 0.3356895 0.5671440 0.3460395 0.5659887 0.3425807 0.5350040
5 0.3541043 0.6382363 0.3506455 0.6072516 0.3402955 0.6084070 0.3437543 0.6393917
5 0.3624091 0.7126341 0.3589503 0.6816495 0.3486003 0.6828049 0.3520591 0.7137895
3 0.6996133 0.6453058 0.6923461 0.5802029 0.6626765 0.5835148 0.6699437 0.6486177
3 0.6452698 0.4275804 0.6525370 0.4926833 0.6822068 0.4893713 0.6749395 0.4242684
3 0.6908477 0.5667795 0.6835804 0.5016766 0.6539107 0.5049886 0.6611779 0.5700915
3 0.6365041 0.3490541 0.6437714 0.4141570 0.6734411 0.4108450 0.6661738 0.3457421
3 0.6645409 0.3311146 0.6572737 0.2660117 0.6276040 0.2693236 0.6348712 0.3344266
2 0.5954461 0.3379118 0.6247237 0.6001914 0.6574252 0.5965410 0.6281477 0.3342614
2 0.3460003 0.4116709 0.3752779 0.6739506 0.4079795 0.6703001 0.3787018 0.4080205
2 0.4474324 0.7440850 0.6124559 0.6952888 0.5978032 0.6457350 0.4327798 0.6945312
2 0.4052361 0.3660750 0.5702596 0.3172789 0.5556070 0.2677251 0.3905835 0.3165212
5 0.3793696 0.3585365 0.3588749 0.3645966 0.3635302 0.3803405 0.3840249 0.3742804
