1 0.4347894 0.6508713 0.4450946 0.5854673 0.4179789 0.5811950 0.4076738 0.6465989
1 0.5392793 0.6318003 0.5289742 0.6972042 0.5560898 0.7014766 0.5663949 0.6360726
1 0.4453518 0.5838352 0.4556569 0.5184312 0.4285413 0.5141588 0.4182361 0.5795629
1 0.5666521 0.6344405 0.5769573 0.5690366 0.5498416 0.5647643 0.5395364 0.6301681
1 0.4392992 0.4458815 0.4289940 0.5112855 0.4561097 0.5155579 0.4664148 0.4501539
1 0.5774100 0.5661632 0.5877151 0.5007592 0.5605995 0.4964869 0.5502943 0.5618908
1 0.4664763 0.4497634 0.4767815 0.3843595 0.4496658 0.3800871 0.4393607 0.4454911
1 0.5709662 0.4306924 0.5606610 0.4960963 0.5877767 0.5003687 0.5980818 0.4349648
4 0.3808658 0.3647414 0.3876300 0.3218104 0.3628270 0.3179024 0.3560627 0.3608335
4 0.3883375 0.3173199 0.3951018 0.2743887 0.3702989 0.2704808 0.3635346 0.3134119
0 0.5263824 0.6768306 0.5665250 0.4220567 0.4879203 0.4096716 0.4477777 0.6644455
5 0.3775627 0.4049094 0.3823807 0.3743309 0.3721978 0.3727264 0.3673798 0.4033049
5 0.3507559 0.4893221 0.3555739 0.4587435 0.3453911 0.4571390 0.3405730 0.4877176
5 0.3398024 0.5588408 0.3446205 0.5282623 0.3344376 0.5266578 0.3296196 0.5572363
5 0.3285229 0.6304286 0.3333409 0.5998500 0.3231581 0.5982456 0.3183401 0.6288241
3 0.6454630 0.7912529 0.6556604 0.7265331 0.6265017 0.7219388 0.6163043 0.7866585
3 0.6691043 0.6412082 0.6793017 0.5764885 0.6501430 0.5718942 0.6399456 0.6366140
3 0.6384072 0.6463785 0.6282098 0.7110983 0.6573685 0.7156925 0.6675659 0.6509728
3 0.6810097 0.5656480 0.6912071 0.5009283 0.6620483 0.4963340 0.6518509 0.5610536
3 0.6930977 0.4889291 0.7032951 0.4242094 0.6741363 0.4196151 0.6639390 0.4843348
2 0.6282632 0.4600177 0.5882422 0.7140197 0.6203200 0.7190740 0.6603410 0.4650720
2 0.3802494 0.6189189 0.4202703 0.3649170 0.3881925 0.3598628 0.3481717 0.6138647
2 0.3851182 0.7120523 0.5458594 0.7791119 0.5648680 0.7335483 0.4041268 0.6664888
2 0.4424284 0.3483204 0.6031696 0.4153799 0.6221782 0.3698163 0.4614370 0.3027568
5 0.4090079 0.3364498 0.4295500 0.3450198 0.4356433 0.3304141 0.4151013 0.3218441
