1 0.4325050 0.6708856 0.4388247 0.7377995 0.4665956 0.7351767 0.4602759 0.6682627
1 0.5939559 0.7033409 0.5876361 0.6364269 0.5598651 0.6390498 0.5661849 0.7059637
1 0.4599502 0.6648141 0.4536305 0.5979000 0.4258596 0.6005229 0.4321793 0.6674369
1 0.5873104 0.6329782 0.5809907 0.5660642 0.5532198 0.5686870 0.5595395 0.6356010
1 0.4531818 0.5931484 0.4468621 0.5262344 0.4190912 0.5288572 0.4254109 0.5957713
1 0.5805420 0.5613126 0.5742223 0.4943986 0.5464513 0.4970214 0.5527710 0.5639354
1 0.4125689 0.4597977 0.4188886 0.5267117 0.4466595 0.5240889 0.4403398 0.4571748
1 0.5740197 0.4922530 0.5677000 0.4253390 0.5399291 0.4279619 0.5462488 0.4948758
4 0.3443621 0.4985008 0.3402221 0.4546652 0.3148228 0.4570640 0.3189628 0.5008996
4 0.3396611 0.4487257 0.3355211 0.4048902 0.3101218 0.4072890 0.3142618 0.4511245
0 0.5604793 0.7075549 0.5358906 0.4472046 0.4553768 0.4548088 0.4799655 0.7151591
5 0.3261715 0.5288672 0.3291303 0.5601954 0.3395506 0.5592113 0.3365918 0.5278832
5 0.3333101 0.6044525 0.3362689 0.6357806 0.3466892 0.6347964 0.3437304 0.6034683
5 0.3535807 0.7077651 0.3506219 0.6764370 0.3402016 0.6774211 0.3431603 0.7087492
5 0.3606772 0.7829053 0.3577185 0.7515773 0.3472982 0.7525614 0.3502569 0.7838895
3 0.6648058 0.6671170 0.6709964 0.7326650 0.7008460 0.7298459 0.6946555 0.6642979
3 0.6859719 0.5723554 0.6797812 0.5068073 0.6499316 0.5096264 0.6561223 0.5751745
3 0.6933557 0.6505359 0.6871650 0.5849880 0.6573153 0.5878072 0.6635060 0.6533551
3 0.6424412 0.4303164 0.6486319 0.4958645 0.6784816 0.4930454 0.6722909 0.4274973
3 0.6708762 0.4125193 0.6646855 0.3469713 0.6348360 0.3497904 0.6410266 0.4153385
2 0.6013881 0.4175328 0.6263440 0.6817712 0.6592031 0.6786678 0.6342471 0.4144294
2 0.4071391 0.7416755 0.3821832 0.4774371 0.3493242 0.4805405 0.3742801 0.7447789
2 0.5986559 0.7261851 0.4327935 0.7676452 0.4454812 0.8184026 0.6113436 0.7769426
2 0.5625987 0.3444028 0.3967363 0.3858629 0.4094239 0.4366205 0.5752864 0.3951604
5 0.3673929 0.4493554 0.3878187 0.4442497 0.3837190 0.4278485 0.3632931 0.4329542
