1 0.4332515 0.6023902 0.4369786 0.5346469 0.4081523 0.5330609 0.4044251 0.6008042
1 0.5667678 0.6218483 0.5704949 0.5541050 0.5416686 0.5525190 0.5379414 0.6202623
1 0.4373118 0.5285909 0.4410390 0.4608476 0.4122126 0.4592617 0.4084855 0.5270050
1 0.5457290 0.4787197 0.5420018 0.5464630 0.5708281 0.5480490 0.5745553 0.4803057
1 0.4414474 0.4534251 0.4451745 0.3856819 0.4163482 0.3840958 0.4126210 0.4518391
1 0.5749637 0.4728832 0.5786908 0.4051399 0.5498645 0.4035539 0.5461374 0.4712972
1 0.4454325 0.3809926 0.4491597 0.3132493 0.4203333 0.3116633 0.4166062 0.3794066
1 0.5538496 0.3311214 0.5501225 0.3988647 0.5789488 0.4004507 0.5826760 0.3327074
4 0.3460071 0.3141341 0.3484234 0.2702163 0.3220658 0.2687662 0.3196495 0.3126839
4 0.3488794 0.2619281 0.3512957 0.2180102 0.3249382 0.2165600 0.3225218 0.2604779
0 0.5327802 0.6039667 0.5474968 0.3364831 0.4639011 0.3318837 0.4491845 0.5993674
5 0.3317496 0.3751692 0.3335091 0.3431895 0.3227131 0.3425956 0.3209537 0.3745752
5 0.3273879 0.4544460 0.3291474 0.4224663 0.3183514 0.4218724 0.3165919 0.4538520
5 0.3231772 0.5309784 0.3249367 0.4989989 0.3141407 0.4984049 0.3123812 0.5303845
5 0.3188412 0.6097887 0.3206006 0.5778090 0.3098046 0.5772150 0.3080451 0.6091946
3 0.6434194 0.6227951 0.6397603 0.6893006 0.6707122 0.6910036 0.6743714 0.6244981
3 0.6525076 0.4576126 0.6488485 0.5241181 0.6798004 0.5258210 0.6834595 0.4593155
3 0.6752889 0.6078200 0.6789480 0.5413146 0.6479961 0.5396116 0.6443369 0.6061171
3 0.6843770 0.4426376 0.6880361 0.3761321 0.6570842 0.3744291 0.6534251 0.4409346
3 0.6890239 0.3581786 0.6926829 0.2916729 0.6617311 0.2899700 0.6580720 0.3564757
2 0.6365069 0.6223921 0.6516671 0.3468458 0.6175450 0.3449684 0.6023849 0.6205146
2 0.3722591 0.5838817 0.3874193 0.3083354 0.3532974 0.3064581 0.3381372 0.5820043
2 0.5731368 0.6515900 0.4016006 0.6265911 0.3936517 0.6811341 0.5651879 0.7061330
2 0.5951679 0.2511614 0.4236316 0.2261624 0.4156828 0.2807055 0.5872190 0.3057044
5 0.3979988 0.2623058 0.3775486 0.2593254 0.3750172 0.2766951 0.3954673 0.2796755
