1 0.4286247 0.6259037 0.4379414 0.6918614 0.4655060 0.6879678 0.4561892 0.6220101
1 0.5529036 0.5794038 0.5622205 0.6453614 0.5897849 0.6414678 0.5804681 0.5755101
1 0.4558026 0.6192728 0.4464858 0.5533150 0.4189214 0.5572087 0.4282381 0.6231663
1 0.5432004 0.5107086 0.5525171 0.5766664 0.5800815 0.5727729 0.5707648 0.5068151
1 0.4090384 0.4872416 0.4183551 0.5531993 0.4459196 0.5493058 0.4366029 0.4833480
1 0.5333173 0.4407417 0.5426340 0.5066994 0.5701985 0.5028058 0.5608817 0.4368482
1 0.4363959 0.4818830 0.4270792 0.4159253 0.3995148 0.4198188 0.4088314 0.4857765
1 0.5237936 0.3733189 0.5331104 0.4392767 0.5606748 0.4353831 0.5513581 0.3694254
4 0.3342058 0.4680949 0.3279977 0.4241447 0.3027915 0.4277051 0.3089996 0.4716553
4 0.3273416 0.4194995 0.3211336 0.3755494 0.2959273 0.3791099 0.3021354 0.4230600
0 0.5574638 0.6533512 0.5208896 0.3944237 0.4409610 0.4057138 0.4775352 0.6646413
5 0.3320802 0.5280329 0.3277039 0.4970512 0.3173735 0.4985104 0.3217497 0.5294920
5 0.3277970 0.5723042 0.3321732 0.6032858 0.3425037 0.6018266 0.3381274 0.5708450
5 0.3378597 0.6435432 0.3422360 0.6745249 0.3525665 0.6730657 0.3481902 0.6420841
5 0.3482219 0.7169026 0.3525982 0.7478843 0.3629286 0.7464250 0.3585524 0.7154434
3 0.6576157 0.5938126 0.6668556 0.6592270 0.6964638 0.6550448 0.6872239 0.5896304
3 0.6358970 0.4400548 0.6451370 0.5054691 0.6747452 0.5012869 0.6655052 0.4358726
3 0.6466784 0.5163825 0.6559184 0.5817968 0.6855265 0.5776146 0.6762866 0.5122002
3 0.6638078 0.4238568 0.6545679 0.3584424 0.6249597 0.3626246 0.6341997 0.4280390
3 0.6527030 0.3452392 0.6434630 0.2798250 0.6138548 0.2840073 0.6230947 0.3494215
2 0.5838209 0.3546166 0.6205048 0.6143206 0.6531281 0.6097125 0.6164442 0.3500085
2 0.3378554 0.4466466 0.3745392 0.7063506 0.4071625 0.7017425 0.3704787 0.4420385
2 0.4485361 0.7707939 0.6125869 0.7094129 0.5948126 0.6619084 0.4307618 0.7232893
2 0.3958865 0.3980606 0.5599373 0.3366796 0.5421631 0.2891749 0.3781123 0.3505559
5 0.3696879 0.3926003 0.3489504 0.4003593 0.3546006 0.4154606 0.3753380 0.4077016
