1 0.4787999 0.7013204 0.4676682 0.6311415 0.4383812 0.6357871 0.4495130 0.7059659
1 0.5693741 0.5807502 0.5805060 0.6509290 0.6097929 0.6462834 0.5986611 0.5761046
1 0.4673150 0.6289148 0.4561832 0.5587360 0.4268962 0.5633814 0.4380280 0.6335603
1 0.5983079 0.5738779 0.5871761 0.5036991 0.5578892 0.5083445 0.5690210 0.5785234
1 0.4556174 0.5551685 0.4444856 0.4849897 0.4151986 0.4896352 0.4263304 0.5598140
1 0.5461916 0.4345983 0.5573233 0.5047771 0.5866103 0.5001316 0.5754785 0.4299527
1 0.4443451 0.4841039 0.4332134 0.4139251 0.4039264 0.4185705 0.4150581 0.4887494
1 0.5349193 0.3635337 0.5460511 0.4337125 0.5753380 0.4290670 0.5642062 0.3588882
4 0.3357024 0.4740259 0.3282715 0.4271787 0.3014888 0.4314270 0.3089196 0.4782742
4 0.3275778 0.4228058 0.3201470 0.3759587 0.2933643 0.3802069 0.3007951 0.4270540
0 0.5759495 0.6618068 0.5323307 0.3868172 0.4474115 0.4002870 0.4910303 0.6752767
5 0.3344530 0.5374401 0.3292310 0.5045186 0.3182511 0.5062603 0.3234731 0.5391817
5 0.3305885 0.5840400 0.3358105 0.6169614 0.3467904 0.6152198 0.3415684 0.5822984
5 0.3409879 0.6345339 0.3462099 0.6674554 0.3571897 0.6657138 0.3519677 0.6327923
5 0.3709655 0.7676287 0.3657435 0.7347074 0.3547636 0.7364490 0.3599856 0.7693704
3 0.6806630 0.5911554 0.6917185 0.6608536 0.7231831 0.6558627 0.7121276 0.5861645
3 0.6974767 0.4937996 0.6864212 0.4241014 0.6549567 0.4290923 0.6660122 0.4987906
3 0.6677176 0.5095429 0.6787732 0.5792410 0.7102377 0.5742502 0.6991822 0.5045520
3 0.6845313 0.4121871 0.6734757 0.3424889 0.6420112 0.3474799 0.6530668 0.4171780
3 0.6288673 0.2646158 0.6399229 0.3343140 0.6713874 0.3293231 0.6603318 0.2596248
2 0.5982483 0.3408844 0.6417721 0.6152741 0.6764314 0.6097764 0.6329076 0.3353867
2 0.4171776 0.7187023 0.3736539 0.4443126 0.3389946 0.4498103 0.3825183 0.7242000
2 0.4622602 0.7891999 0.6358932 0.7162478 0.6152422 0.6670964 0.4416092 0.7400486
2 0.3999438 0.3963334 0.5735767 0.3233812 0.5529257 0.2742298 0.3792928 0.3471820
5 0.3563410 0.4167501 0.3784927 0.4074430 0.3719237 0.3918082 0.3497720 0.4011152
