1 0.4271004 0.5766354 0.4350021 0.6442392 0.4632410 0.6409386 0.4553394 0.5733348
1 0.5556605 0.5368375 0.5635622 0.6044413 0.5918010 0.6011407 0.5838994 0.5335369
1 0.4187951 0.5055784 0.4266967 0.5731822 0.4549357 0.5698816 0.4470340 0.5022778
1 0.5473552 0.4657805 0.5552569 0.5333843 0.5834958 0.5300837 0.5755941 0.4624799
1 0.4464767 0.4975089 0.4385750 0.4299051 0.4103360 0.4332057 0.4182377 0.5008096
1 0.5388962 0.3934078 0.5467979 0.4610116 0.5750368 0.4577109 0.5671351 0.3901072
1 0.4296571 0.3609709 0.3847229 0.4006752 0.4105920 0.4299518 0.4555262 0.3902476
1 0.5668853 0.3879700 0.5589836 0.3203661 0.5307447 0.3236668 0.5386463 0.3912706
4 0.3338343 0.4067727 0.3285994 0.3619845 0.3027751 0.3650029 0.3080101 0.4097911
4 0.3279591 0.3565065 0.3227242 0.3117183 0.2968999 0.3147367 0.3021348 0.3595249
0 0.5581132 0.6090636 0.5271263 0.3439512 0.4452460 0.3535216 0.4762328 0.6186340
5 0.3159611 0.4380270 0.3196728 0.4697836 0.3302597 0.4685462 0.3265480 0.4367896
5 0.3248827 0.5143579 0.3285946 0.5461146 0.3391815 0.5448772 0.3354697 0.5131205
5 0.3334956 0.5880466 0.3372074 0.6198032 0.3477944 0.6185658 0.3440825 0.5868092
5 0.3423648 0.6639283 0.3460766 0.6956849 0.3566635 0.6944475 0.3529517 0.6626909
3 0.6626689 0.5580488 0.6704722 0.6248112 0.7008107 0.6212651 0.6930074 0.5545028
3 0.6440796 0.3990043 0.6518828 0.4657667 0.6822212 0.4622207 0.6744180 0.3954583
3 0.6914493 0.5411727 0.6836460 0.4744104 0.6533076 0.4779564 0.6611109 0.5447187
3 0.6728598 0.3821282 0.6650565 0.3153659 0.6347181 0.3189119 0.6425214 0.3856742
3 0.6252132 0.2375912 0.6330165 0.3043535 0.6633549 0.3008075 0.6555517 0.2340452
2 0.5927346 0.3081787 0.6240252 0.5758895 0.6574442 0.5719835 0.6261536 0.3042726
2 0.3382958 0.3869444 0.3695864 0.6546553 0.4030054 0.6507492 0.3717148 0.3830383
2 0.5967187 0.6228307 0.4281347 0.6750187 0.4437087 0.7253276 0.6122926 0.6731397
2 0.3986450 0.3397784 0.5672290 0.2875904 0.5516551 0.2372814 0.3830710 0.2894694
5 0.3721309 0.3322895 0.3510929 0.3388021 0.3560629 0.3548567 0.3771008 0.3483440
