1 0.4414669 0.6468583 0.4533806 0.7144126 0.4814728 0.7094584 0.4695591 0.6419041
1 0.6059858 0.6513032 0.5940721 0.5837489 0.5659799 0.5887032 0.5778936 0.6562575
1 0.4293302 0.5780402 0.4412440 0.6455945 0.4693362 0.6406401 0.4574224 0.5730859
1 0.5538433 0.5198851 0.5657570 0.5874393 0.5938492 0.5824850 0.5819355 0.5149307
1 0.4569749 0.5705478 0.4450611 0.5029935 0.4169689 0.5079479 0.4288827 0.5755021
1 0.5414820 0.4497926 0.5533956 0.5173470 0.5814878 0.5123926 0.5695741 0.4448383
1 0.4450630 0.5030042 0.4331493 0.4354499 0.4050571 0.4404042 0.4169708 0.5079584
1 0.5295702 0.3822490 0.5414839 0.4498033 0.5695760 0.4448490 0.5576624 0.3772947
4 0.3408892 0.4977906 0.3329408 0.4527208 0.3072471 0.4572520 0.3151955 0.5023220
4 0.3323037 0.4491082 0.3243553 0.4040384 0.2986615 0.4085698 0.3066099 0.4536395
0 0.4461669 0.4198167 0.4926351 0.6833053 0.5740782 0.6689422 0.5276100 0.4054536
5 0.3406571 0.5582830 0.3350831 0.5266767 0.3245405 0.5285360 0.3301145 0.5601423
5 0.3536946 0.6322089 0.3481205 0.6006026 0.3375779 0.6024619 0.3431519 0.6340682
5 0.3662807 0.7035757 0.3607067 0.6719695 0.3501640 0.6738288 0.3557380 0.7054350
5 0.3792413 0.7770666 0.3736673 0.7454603 0.3631246 0.7473196 0.3686987 0.7789258
3 0.6726757 0.5941094 0.6845045 0.6611825 0.7147024 0.6558570 0.7028735 0.5887837
3 0.6455106 0.4400761 0.6573395 0.5071492 0.6875374 0.5018235 0.6757085 0.4347505
3 0.6589958 0.5165404 0.6708246 0.5836136 0.7010225 0.5782880 0.6891937 0.5112149
3 0.6318308 0.3625071 0.6436597 0.4295802 0.6738576 0.4242546 0.6620287 0.3571815
3 0.6179411 0.2837487 0.6297700 0.3508218 0.6599678 0.3454962 0.6481390 0.2784231
2 0.5898608 0.3580782 0.6359645 0.6195001 0.6692024 0.6136384 0.6230987 0.3522165
2 0.4227734 0.7287357 0.3766696 0.4673139 0.3434318 0.4731757 0.3895355 0.7345974
2 0.4670181 0.7935330 0.6326829 0.7161574 0.6112984 0.6703722 0.4456336 0.7477478
2 0.4011659 0.4201316 0.5668307 0.3427560 0.5454462 0.2969708 0.3797814 0.3743464
5 0.3741565 0.4170285 0.3528201 0.4269938 0.3596514 0.4416201 0.3809878 0.4316548
