1 0.4302519 0.6132534 0.4370852 0.6820153 0.4659555 0.6791463 0.4591222 0.6103843
1 0.5624866 0.5784466 0.5693199 0.6472086 0.5981902 0.6443396 0.5913570 0.5755777
1 0.4229884 0.5401626 0.4298217 0.6089245 0.4586920 0.6060555 0.4518588 0.5372936
1 0.5552232 0.5053560 0.5620565 0.5741178 0.5909268 0.5712488 0.5840935 0.5024869
1 0.4155904 0.4657183 0.4224238 0.5344802 0.4512942 0.5316112 0.4444608 0.4628493
1 0.5835289 0.4968045 0.5766956 0.4280426 0.5478252 0.4309116 0.5546585 0.4996735
1 0.4084615 0.3939813 0.4152948 0.4627432 0.4441652 0.4598741 0.4373319 0.3911122
1 0.5406962 0.3591746 0.5475296 0.4279365 0.5764000 0.4250674 0.5695666 0.3563055
4 0.3376792 0.4344076 0.3331572 0.3889039 0.3067570 0.3915274 0.3112790 0.4370311
4 0.3325410 0.3827026 0.3280190 0.3371990 0.3016188 0.3398225 0.3061408 0.3853262
0 0.4528606 0.3874549 0.4797383 0.6579196 0.5634542 0.6496003 0.5365765 0.3791355
5 0.3189388 0.4663122 0.3221548 0.4986746 0.3329742 0.4975994 0.3297582 0.4652370
5 0.3267414 0.5448280 0.3299574 0.5771903 0.3407767 0.5761151 0.3375607 0.5437528
5 0.3342738 0.6206257 0.3374899 0.6529881 0.3483092 0.6519129 0.3450932 0.6195506
5 0.3420305 0.6986793 0.3452466 0.7310417 0.3560659 0.7299665 0.3528498 0.6976042
3 0.6716630 0.6055771 0.6784049 0.6734192 0.7094150 0.6703375 0.7026731 0.6024954
3 0.6554054 0.4419804 0.6621473 0.5098225 0.6931574 0.5067408 0.6864156 0.4388987
3 0.6634759 0.5231922 0.6702178 0.5910343 0.7012279 0.5879526 0.6944861 0.5201105
3 0.6472183 0.3595955 0.6539603 0.4274375 0.6849703 0.4243559 0.6782284 0.3565139
3 0.6389057 0.2759472 0.6456476 0.3437893 0.6766577 0.3407077 0.6699158 0.2728655
2 0.6044400 0.3466327 0.6317369 0.6213150 0.6659061 0.6179194 0.6386093 0.3432370
2 0.3427287 0.4155201 0.3700255 0.6902024 0.4041948 0.6868068 0.3768980 0.4121245
2 0.4444664 0.7658474 0.6169565 0.7204448 0.6031320 0.6679242 0.4306419 0.7133269
2 0.4050554 0.3692629 0.5775455 0.3238603 0.5637211 0.2713398 0.3912310 0.3167423
5 0.3782344 0.3604953 0.3569720 0.3660918 0.3613746 0.3828184 0.3826371 0.3772218
