1 0.4097050 0.4962447 0.3985983 0.5640284 0.4267619 0.5686432 0.4378686 0.5008594
1 0.5523863 0.6231564 0.5634930 0.5553726 0.5353294 0.5507578 0.5242227 0.6185416
1 0.4381386 0.4992120 0.4492453 0.4314282 0.4210816 0.4268135 0.4099749 0.4945973
1 0.5637631 0.5537252 0.5748698 0.4859414 0.5467061 0.4813267 0.5355995 0.5491104
1 0.4497259 0.4284952 0.4608327 0.3607114 0.4326690 0.3560966 0.4215622 0.4238804
1 0.5753503 0.4830084 0.5864571 0.4152247 0.5582935 0.4106099 0.5471867 0.4783937
1 0.4608918 0.3603500 0.4719985 0.2925661 0.4438349 0.2879514 0.4327282 0.3557352
1 0.5694594 0.3424646 0.5583527 0.4102483 0.5865163 0.4148631 0.5976231 0.3470794
4 0.3726229 0.2698900 0.3799329 0.2252775 0.3541741 0.2210568 0.3468640 0.2656693
4 0.3806708 0.2207741 0.3879808 0.1761616 0.3622220 0.1719408 0.3549119 0.2165534
0 0.5217351 0.5968410 0.5650710 0.3323644 0.4834199 0.3189855 0.4400840 0.5834621
5 0.3528188 0.3243313 0.3580176 0.2926036 0.3474489 0.2908719 0.3422501 0.3225996
5 0.3405977 0.3989158 0.3457965 0.3671881 0.3352278 0.3654563 0.3300290 0.3971841
5 0.3287998 0.4709184 0.3339985 0.4391907 0.3234298 0.4374590 0.3182311 0.4691867
5 0.3166506 0.5450639 0.3218494 0.5133362 0.3112807 0.5116044 0.3060819 0.5433322
3 0.6447173 0.7172140 0.6557282 0.6500148 0.6254547 0.6450543 0.6144438 0.7122535
3 0.6701812 0.5618085 0.6811922 0.4946094 0.6509187 0.4896489 0.6399077 0.5568480
3 0.6382781 0.5667944 0.6272671 0.6339936 0.6575406 0.6389540 0.6685516 0.5717549
3 0.6637421 0.4113889 0.6527311 0.4785880 0.6830046 0.4835485 0.6940156 0.4163495
3 0.6767620 0.3319290 0.6657511 0.3991282 0.6960245 0.4040886 0.7070354 0.3368895
2 0.6288829 0.3731495 0.5857390 0.6364543 0.6190618 0.6419145 0.6622058 0.3786097
2 0.3704332 0.5340251 0.4135771 0.2707202 0.3802542 0.2652600 0.3371103 0.5285649
2 0.5616746 0.6562036 0.3949670 0.5838628 0.3746325 0.6307230 0.5413401 0.7030638
2 0.6234034 0.2794759 0.4566958 0.2071351 0.4363613 0.2539954 0.6030690 0.3263362
5 0.4019331 0.2409709 0.4232847 0.2502361 0.4297856 0.2352549 0.4084340 0.2259897
