1 0.4224733 0.6052383 0.4284683 0.6709046 0.4561813 0.6683745 0.4501863 0.6027083
1 0.5497333 0.5744622 0.5557283 0.6401285 0.5834412 0.6375984 0.5774462 0.5719322
1 0.4160512 0.5348943 0.4220463 0.6005605 0.4497592 0.5980304 0.4437642 0.5323642
1 0.5433112 0.5041182 0.5493062 0.5697844 0.5770192 0.5672543 0.5710241 0.5015881
1 0.4095102 0.4632477 0.4155052 0.5289140 0.4432181 0.5263839 0.4372231 0.4607176
1 0.5367702 0.4324715 0.5427652 0.4981377 0.5704781 0.4956077 0.5644832 0.4299415
1 0.4369150 0.4573426 0.4309200 0.3916764 0.4032071 0.3942065 0.4092021 0.4598727
1 0.5304671 0.3634303 0.5364621 0.4290965 0.5641750 0.4265665 0.5581800 0.3609002
4 0.3348466 0.4307871 0.3308747 0.3872799 0.3055348 0.3895932 0.3095067 0.4331006
4 0.3303036 0.3810253 0.3263317 0.3375180 0.3009918 0.3398314 0.3049637 0.3833386
0 0.5499797 0.6412803 0.5263164 0.3820854 0.4459509 0.3894224 0.4696142 0.6486173
5 0.3298580 0.4915142 0.3270310 0.4605490 0.3166508 0.4614967 0.3194777 0.4924619
5 0.3235495 0.5370619 0.3263765 0.5680270 0.3367567 0.5670794 0.3339297 0.5361142
5 0.3302094 0.6100112 0.3330364 0.6409763 0.3434167 0.6400286 0.3405896 0.6090634
5 0.3370675 0.6851314 0.3398945 0.7160967 0.3502747 0.7151490 0.3474478 0.6841838
3 0.6543732 0.6025967 0.6602926 0.6674352 0.6900510 0.6647184 0.6841316 0.5998799
3 0.6399989 0.4451479 0.6459183 0.5099863 0.6756767 0.5072695 0.6697572 0.4424311
3 0.6471345 0.5233078 0.6530539 0.5881463 0.6828123 0.5854295 0.6768929 0.5205910
3 0.6327602 0.3658589 0.6386796 0.4306974 0.6684380 0.4279806 0.6625186 0.3631421
3 0.6254106 0.2853542 0.6313300 0.3501927 0.6610883 0.3474759 0.6551689 0.2826374
2 0.6486735 0.6135594 0.6245669 0.3495087 0.5917639 0.3525035 0.6158704 0.6165541
2 0.3398984 0.4134138 0.3640049 0.6774644 0.3968080 0.6744696 0.3727015 0.4104191
2 0.4348432 0.7515726 0.6004167 0.7115308 0.5881169 0.6606712 0.4225435 0.7007130
2 0.3999976 0.3698916 0.5655711 0.3298498 0.5532714 0.2789901 0.3876979 0.3190319
5 0.3743903 0.3609120 0.3541090 0.3658167 0.3580119 0.3819557 0.3782932 0.3770510
