1 0.4257286 0.5777982 0.4373232 0.5125452 0.4101724 0.5077209 0.3985778 0.5729738
1 0.5304301 0.5643127 0.5188355 0.6295658 0.5459864 0.6343901 0.5575809 0.5691370
1 0.4375389 0.5113310 0.4491335 0.4460779 0.4219826 0.4412537 0.4103881 0.5065067
1 0.5422404 0.4978455 0.5306458 0.5630985 0.5577967 0.5679228 0.5693913 0.5026698
1 0.4495679 0.4436330 0.4611624 0.3783799 0.4340116 0.3735557 0.4224171 0.4388087
1 0.5698256 0.5002249 0.5814202 0.4349719 0.5542694 0.4301475 0.5426748 0.4954005
1 0.4456031 0.3083195 0.4340086 0.3735727 0.4611595 0.3783970 0.4727540 0.3131438
1 0.5658609 0.3649113 0.5542664 0.4301644 0.5814172 0.4349887 0.5930117 0.3697356
4 0.3772839 0.2885485 0.3849366 0.2454799 0.3601038 0.2410674 0.3524511 0.2841361
4 0.3856386 0.2415292 0.3932913 0.1984605 0.3684586 0.1940480 0.3608059 0.2371168
0 0.4833258 0.3394905 0.4380861 0.5940955 0.5168004 0.6080819 0.5620402 0.3534769
5 0.3575504 0.3402882 0.3629759 0.3097540 0.3527868 0.3079435 0.3473613 0.3384777
5 0.3448636 0.4116888 0.3502890 0.3811547 0.3400999 0.3793442 0.3346744 0.4098783
5 0.3326158 0.4806176 0.3380413 0.4500836 0.3278522 0.4482731 0.3224267 0.4788072
5 0.3152400 0.5192533 0.3098145 0.5497874 0.3200037 0.5515978 0.3254291 0.5210638
3 0.6336926 0.7280335 0.6452092 0.6632196 0.6160236 0.6580337 0.6045071 0.7228476
3 0.6601272 0.5792621 0.6716437 0.5144482 0.6424582 0.5092623 0.6309416 0.5740762
3 0.6293357 0.5831146 0.6178191 0.6479286 0.6470048 0.6531144 0.6585213 0.5883005
3 0.6734393 0.5043431 0.6849558 0.4395292 0.6557701 0.4343433 0.6442536 0.4991572
3 0.6692864 0.3582754 0.6577699 0.4230892 0.6869555 0.4282751 0.6984720 0.3634613
2 0.6226805 0.3964237 0.5778084 0.6489600 0.6099327 0.6546680 0.6548048 0.4021317
2 0.3719255 0.5426647 0.4167976 0.2901284 0.3846734 0.2844204 0.3398013 0.5369567
2 0.3742163 0.6357198 0.5342620 0.7110353 0.5550395 0.6668831 0.3949938 0.5915676
2 0.4382979 0.2750742 0.5983436 0.3503899 0.6191211 0.3062377 0.4590754 0.2309221
5 0.4056694 0.2615746 0.4262913 0.2712790 0.4329247 0.2571832 0.4123028 0.2474787
