1 0.4202342 0.6317805 0.4249713 0.6976067 0.4526746 0.6956130 0.4479375 0.6297868
1 0.5480838 0.6074154 0.5528209 0.6732416 0.5805241 0.6712480 0.5757870 0.6054218
1 0.4151495 0.5611224 0.4198865 0.6269486 0.4475898 0.6249550 0.4428527 0.5591288
1 0.5429990 0.5367572 0.5477361 0.6025835 0.5754393 0.6005899 0.5707022 0.5347637
1 0.4424109 0.5529885 0.4376738 0.4871623 0.4099706 0.4891559 0.4147076 0.5549822
1 0.5378201 0.4647908 0.5425572 0.5306170 0.5702604 0.5286235 0.5655233 0.4627972
1 0.4049800 0.4198064 0.4097170 0.4856326 0.4374203 0.4836390 0.4326833 0.4178128
1 0.5652698 0.4592739 0.5605327 0.3934476 0.5328295 0.3954412 0.5375666 0.4612675
4 0.3358718 0.4522415 0.3327610 0.4090126 0.3074281 0.4108356 0.3105389 0.4540645
4 0.3322748 0.4022574 0.3291639 0.3590286 0.3038310 0.3608516 0.3069419 0.4040805
0 0.4479484 0.4190114 0.4665423 0.6773930 0.5468740 0.6716121 0.5282801 0.4132304
5 0.3297490 0.5129530 0.3275203 0.4819828 0.3171385 0.4827299 0.3193673 0.5137001
5 0.3226008 0.5586324 0.3248295 0.5896026 0.3352112 0.5888555 0.3329825 0.5578853
5 0.3278738 0.6319073 0.3301025 0.6628777 0.3404843 0.6621305 0.3382556 0.6311603
5 0.3333037 0.7073631 0.3355325 0.7383333 0.3459143 0.7375863 0.3436856 0.7066160
3 0.6866267 0.7037382 0.6819792 0.6391563 0.6522230 0.6412976 0.6568705 0.7058796
3 0.6408419 0.4831458 0.6454894 0.5477278 0.6752456 0.5455865 0.6705981 0.4810045
3 0.6808953 0.6240953 0.6762478 0.5595133 0.6464916 0.5616547 0.6511391 0.6262367
3 0.6351106 0.4035029 0.6397582 0.4680849 0.6695144 0.4659436 0.6648668 0.4013616
3 0.6636950 0.3850794 0.6590476 0.3204975 0.6292914 0.3226388 0.6339388 0.3872208
2 0.5943829 0.3882226 0.6134157 0.6527020 0.6462036 0.6503425 0.6271709 0.3858631
2 0.3413506 0.4364446 0.3603833 0.7009239 0.3931712 0.6985644 0.3741385 0.4340851
2 0.4296136 0.7784914 0.5948693 0.7469975 0.5850065 0.6952451 0.4197508 0.7267390
2 0.4020241 0.3951064 0.5672798 0.3636125 0.5574170 0.3118601 0.3921613 0.3433540
5 0.3599809 0.4051806 0.3799603 0.4013730 0.3768016 0.3847985 0.3568221 0.3886062
