1 0.4648625 0.6821400 0.4566299 0.6167253 0.4293351 0.6201605 0.4375677 0.6855751
1 0.5886970 0.6408629 0.5804644 0.5754483 0.5531695 0.5788834 0.5614022 0.6442981
1 0.4562485 0.6136947 0.4480159 0.5482800 0.4207211 0.5517151 0.4289536 0.6171298
1 0.5445555 0.5104381 0.5527881 0.5758528 0.5800830 0.5724177 0.5718503 0.5070030
1 0.4119475 0.4820025 0.4201802 0.5474170 0.4474750 0.5439819 0.4392423 0.4785673
1 0.5357820 0.4407254 0.5440146 0.5061401 0.5713094 0.5027050 0.5630768 0.4372903
1 0.4390205 0.4768043 0.4307878 0.4113896 0.4034930 0.4148248 0.4117256 0.4802395
1 0.5273275 0.3735477 0.5355601 0.4389625 0.5628549 0.4355273 0.5546223 0.3701126
4 0.3379747 0.4593775 0.3325131 0.4159807 0.3075516 0.4191222 0.3130132 0.4625189
4 0.3318811 0.4109588 0.3264195 0.3675621 0.3014580 0.3707036 0.3069196 0.4141003
0 0.5563413 0.6501707 0.5240746 0.3937864 0.4449340 0.4037465 0.4772006 0.6601309
5 0.3350222 0.5188833 0.3311568 0.4881700 0.3209220 0.4894580 0.3247873 0.5201714
5 0.3442757 0.5924087 0.3404103 0.5616955 0.3301754 0.5629835 0.3340408 0.5936968
5 0.3532087 0.6633888 0.3493433 0.6326756 0.3391085 0.6339637 0.3429738 0.6646770
5 0.3483073 0.7070564 0.3521727 0.7377697 0.3624076 0.7364816 0.3585422 0.7057683
3 0.6567492 0.5974279 0.6648877 0.6620946 0.6942149 0.6584036 0.6860763 0.5937370
3 0.6374687 0.4442289 0.6456072 0.5088957 0.6749343 0.5052048 0.6667958 0.4405380
3 0.6470398 0.5202792 0.6551782 0.5849459 0.6845055 0.5812551 0.6763670 0.5165883
3 0.6652250 0.4280561 0.6570865 0.3633893 0.6277593 0.3670803 0.6358978 0.4317470
3 0.6179010 0.2887485 0.6260396 0.3534153 0.6553667 0.3497243 0.6472282 0.2850576
2 0.6519179 0.6117462 0.6194227 0.3535461 0.5871224 0.3576112 0.6196176 0.6158112
2 0.4068320 0.6934393 0.3743367 0.4352393 0.3420364 0.4393044 0.3745317 0.6975044
2 0.4467903 0.7641591 0.6095893 0.7098942 0.5935698 0.6618345 0.4307708 0.7160994
2 0.4000513 0.3927805 0.5628503 0.3385157 0.5468308 0.2904559 0.3840318 0.3447207
5 0.3589942 0.4084535 0.3794116 0.4016479 0.3743007 0.3863145 0.3538833 0.3931201
