1 0.55546874 0.66250002 0.57734376 0.65972221 0.57812500 0.68750000 0.55546874 0.68750000
1 0.59140623 0.71944445 0.60468751 0.71388888 0.60859376 0.75555557 0.59375000 0.75972223
1 0.56718749 0.81527776 0.58046877 0.80555558 0.58906251 0.84583336 0.57578123 0.85555553
1 0.60859376 0.79722220 0.62812501 0.82638890 0.62109375 0.84722221 0.60000002 0.81944442
1 0.59843749 0.66805553 0.61250001 0.66111112 0.61953127 0.70138890 0.60468751 0.70972222
1 0.64765626 0.62638891 0.66171873 0.64166665 0.64531249 0.67638886 0.63359374 0.65694445
1 0.63828123 0.70694447 0.65625000 0.68194443 0.66796875 0.70138890 0.64843750 0.72777778
1 0.63515627 0.72638887 0.64921874 0.74444443 0.63749999 0.77916664 0.62187499 0.76527780
1 0.63906252 0.81111109 0.65468752 0.79027778 0.66796875 0.81250000 0.64999998 0.83888888
1 0.68750000 0.81111109 0.71406251 0.81666666 0.71328127 0.84305555 0.68750000 0.83611113
1 0.67812502 0.75416666 0.70390624 0.75416666 0.70546877 0.78472221 0.68124998 0.78194445
1 0.69609374 0.64583331 0.72031248 0.66805553 0.71015626 0.69166666 0.68906248 0.67222220
1 0.74140626 0.64444447 0.75703126 0.65694445 0.74843752 0.69722223 0.73046875 0.68750000
1 0.72343749 0.75416666 0.73671877 0.77499998 0.72031248 0.80555558 0.70703125 0.78611112
1 0.74531251 0.79722220 0.76093751 0.81666666 0.74609375 0.84861112 0.73046875 0.83194447
1 0.75781250 0.72361112 0.77421874 0.73888886 0.76171875 0.77638888 0.74687499 0.75833333
