1 0.55468750 0.61944443 0.56875002 0.62083334 0.56875002 0.65972221 0.55312502 0.65972221
1 0.56093752 0.71111113 0.57656252 0.71111113 0.57578123 0.75000000 0.56250000 0.75138891
1 0.56953126 0.79027778 0.58671874 0.79166669 0.58515626 0.83472222 0.57031250 0.83333331
1 0.58984375 0.62083334 0.60624999 0.61944443 0.60468751 0.66111112 0.58906251 0.65972221
1 0.61093748 0.70277780 0.62656248 0.69861114 0.62812501 0.74305558 0.61171877 0.73888886
1 0.61328125 0.78888887 0.62812501 0.79305553 0.62500000 0.83611113 0.61171877 0.83333331
1 0.67343748 0.78194445 0.69062501 0.78472221 0.69062501 0.82638890 0.67421877 0.82638890
1 0.67343748 0.70555556 0.68906248 0.70555556 0.68828124 0.74861109 0.67109376 0.74722224
1 0.67265624 0.61666667 0.68906248 0.61527777 0.68906248 0.65694445 0.67265624 0.65416664
1 0.62421876 0.62500000 0.64218748 0.62500000 0.64062500 0.66666669 0.62578124 0.66388887
1 0.71093750 0.69999999 0.72812498 0.69999999 0.72890627 0.74305558 0.71015626 0.74166667
1 0.70937502 0.61666667 0.72734374 0.61527777 0.72812498 0.65416664 0.71015626 0.65416664
1 0.71093750 0.78194445 0.72734374 0.78194445 0.72812498 0.82638890 0.71328127 0.82361114
1 0.75937498 0.78611112 0.77656251 0.78611112 0.77812499 0.83055556 0.76093751 0.82638890
1 0.75781250 0.70416665 0.77734375 0.70138890 0.77656251 0.74583334 0.75859374 0.74305558
1 0.75625002 0.61805558 0.77578127 0.61666667 0.77656251 0.65694445 0.75781250 0.65416664
