1 0.56953126 0.64305556 0.58046877 0.66527778 0.56640625 0.69305557 0.55468750 0.67638886
1 0.56406248 0.74166667 0.57968748 0.71527779 0.59218752 0.73194444 0.57656252 0.76527780
1 0.59453124 0.70833331 0.61640626 0.70138890 0.62187499 0.72638887 0.60000002 0.73472220
1 0.56875002 0.82777780 0.58671874 0.80416667 0.59609377 0.82638890 0.57734376 0.85277778
1 0.57656252 0.62361109 0.58828127 0.60555553 0.60390627 0.63472223 0.59296876 0.65416664
1 0.63046873 0.60694444 0.64531249 0.62222224 0.62890625 0.65555555 0.61640626 0.63749999
1 0.64921874 0.61805558 0.67187500 0.60972220 0.67734373 0.63333333 0.65312499 0.64444447
1 0.69687498 0.59027779 0.71562499 0.59722221 0.70625001 0.63611114 0.68906248 0.62500000
1 0.73281252 0.61666667 0.74921876 0.60555553 0.75781250 0.64583331 0.74218750 0.65277779
1 0.73515624 0.67222220 0.75312501 0.68055558 0.74843752 0.71805555 0.72812498 0.71111113
1 0.69453126 0.67916667 0.70937502 0.69583333 0.69296873 0.72916669 0.67968750 0.70833331
1 0.65859377 0.68888891 0.67109376 0.70972222 0.65625000 0.73888886 0.64296877 0.71944445
1 0.61562502 0.82083333 0.63671875 0.80555558 0.64609373 0.83472222 0.62343752 0.84861112
1 0.65234375 0.80138886 0.67109376 0.77777779 0.68359375 0.80694443 0.66171873 0.82638890
1 0.70312500 0.77777779 0.72187501 0.77777779 0.72343749 0.81944442 0.70468748 0.81666666
1 0.73828125 0.75555557 0.75390625 0.74722224 0.76171875 0.78888887 0.74687499 0.79583335
