1 0.56093752 0.60972220 0.57578123 0.60694444 0.57812500 0.64583331 0.56250000 0.64999998
1 0.56953126 0.69444442 0.58437502 0.69722223 0.58203125 0.74027777 0.56718749 0.73472220
1 0.57812500 0.77499998 0.59218752 0.77638888 0.59140623 0.82083333 0.57578123 0.81666666
1 0.61718750 0.76388890 0.63281250 0.76805556 0.63203126 0.80833334 0.61718750 0.80694443
1 0.60312498 0.68611109 0.61796874 0.68750000 0.61953127 0.72777778 0.60312498 0.72777778
1 0.59062499 0.60555553 0.60546875 0.60694444 0.60546875 0.64583331 0.59062499 0.64444447
1 0.62421876 0.60000002 0.63906252 0.59722221 0.64296877 0.63749999 0.62656248 0.64027780
1 0.64999998 0.67361110 0.66562498 0.67916667 0.66093749 0.71944445 0.64375001 0.71111113
1 0.64921874 0.59444445 0.66484374 0.58749998 0.67109376 0.62500000 0.65546876 0.63333333
1 0.68750000 0.59444445 0.70546877 0.59722221 0.70390624 0.63611114 0.68750000 0.63749999
1 0.72890627 0.60138887 0.74687499 0.60277778 0.74609375 0.64166665 0.72812498 0.64027780
1 0.73046875 0.67361110 0.74843752 0.67222220 0.74843752 0.71527779 0.73203123 0.71249998
1 0.68281251 0.66666669 0.69921875 0.66944444 0.69765627 0.70833331 0.67968750 0.70416665
1 0.66015625 0.76944447 0.67656249 0.77638888 0.67031252 0.81805557 0.65468752 0.80694443
1 0.68828124 0.77916664 0.70546877 0.77777779 0.70625001 0.82083333 0.69062501 0.81944442
1 0.72578126 0.75416666 0.74453127 0.75555557 0.74374998 0.79722220 0.72578126 0.79305553
