1 0.57734376 0.61111110 0.59062499 0.59583336 0.60078126 0.63194442 0.58906251 0.64444447
1 0.55546874 0.64999998 0.57812500 0.64722222 0.58046877 0.67083335 0.55703127 0.67222220
1 0.56406248 0.72083336 0.58828127 0.72222221 0.58984375 0.74861109 0.56562501 0.74722224
1 0.57187498 0.80416667 0.59453124 0.81111109 0.59140623 0.83749998 0.56953126 0.83055556
1 0.61874998 0.80000001 0.64375001 0.80277777 0.64531249 0.83055556 0.61874998 0.82499999
1 0.65390623 0.77777779 0.67812502 0.79027778 0.67500001 0.81666666 0.65078127 0.80416667
1 0.70546877 0.77777779 0.72265625 0.79305553 0.71093750 0.82777780 0.69609374 0.81388891
1 0.59531248 0.69027776 0.62031251 0.69305557 0.62187499 0.71805555 0.59765625 0.71805555
1 0.61874998 0.62222224 0.64140624 0.60972220 0.64843750 0.63333333 0.62421876 0.64722222
1 0.65546876 0.60416669 0.68046874 0.61666667 0.67734373 0.63888890 0.65234375 0.62916666
1 0.68515623 0.61250001 0.70390624 0.58611113 0.71484375 0.60833335 0.69531250 0.63194442
1 0.63828123 0.70833331 0.66015625 0.68888891 0.66796875 0.71666664 0.64453125 0.73055553
1 0.67343748 0.70694447 0.69531250 0.68472224 0.70625001 0.71111113 0.68281251 0.72916669
1 0.72890627 0.66388887 0.74609375 0.67361110 0.73671877 0.71388888 0.71953124 0.70138890
1 0.73828125 0.60972220 0.75468749 0.60972220 0.75312501 0.64861113 0.73593748 0.64999998
1 0.74062502 0.74027777 0.75937498 0.74861109 0.75312501 0.79166669 0.73515624 0.78194445
