5 0.46953124 0.48888889 0.47812501 0.49305555 0.47499999 0.50833333 0.46875000 0.50555557
5 0.46171874 0.51527780 0.46718749 0.51527780 0.46953124 0.53611112 0.46328124 0.53333336
5 0.45234376 0.53333336 0.45937499 0.53194445 0.46250001 0.54861110 0.45625001 0.55138886
5 0.45234376 0.55416667 0.45937499 0.55555558 0.45546874 0.57638890 0.44921875 0.57499999
5 0.42812499 0.53333336 0.43437499 0.53611112 0.43281251 0.55833334 0.42578125 0.55277777
5 0.43828124 0.56805557 0.44374999 0.56250000 0.44921875 0.58194447 0.44531250 0.58611113
5 0.43828124 0.58888888 0.44374999 0.59444445 0.43906251 0.60833335 0.43359375 0.60138887
5 0.42812499 0.60694444 0.43359375 0.60416669 0.43906251 0.61666667 0.43203124 0.61944443
5 0.42656249 0.58611113 0.43593749 0.59166664 0.43359375 0.60000002 0.42343751 0.59305555
5 0.42578125 0.56527776 0.43203124 0.56388891 0.43125001 0.58333331 0.42578125 0.58194447
