5 0.49843749 0.53333336 0.50546873 0.53472221 0.50625002 0.55555558 0.49843749 0.55694443
5 0.49765626 0.55972224 0.50390625 0.55833334 0.50546873 0.57499999 0.49843749 0.57499999
5 0.49531251 0.57638890 0.50156248 0.57638890 0.50078124 0.59305555 0.49453124 0.59305555
5 0.48437500 0.59027779 0.48906249 0.58611113 0.49453124 0.60138887 0.48906249 0.60694444
5 0.47578126 0.66250002 0.48359376 0.65972221 0.48437500 0.68055558 0.47812501 0.68333334
5 0.45703125 0.68333334 0.46718749 0.68611109 0.46640626 0.69444442 0.45546874 0.69583333
5 0.44453126 0.68611109 0.45390624 0.68611109 0.45390624 0.69583333 0.44453126 0.69444442
5 0.46796876 0.55000001 0.47734374 0.54722220 0.47812501 0.55972224 0.46796876 0.55972224
5 0.42968750 0.55416667 0.43515626 0.55972224 0.43125001 0.57499999 0.42421874 0.56805557
5 0.42031249 0.51805556 0.43125001 0.51944447 0.42968750 0.52916664 0.42031249 0.52777779
