5 0.43750000 0.49444443 0.44140625 0.50694442 0.43437499 0.52083331 0.42812499 0.51388890
5 0.45234376 0.55000001 0.46015626 0.56111109 0.45703125 0.56805557 0.44843751 0.55833334
5 0.45859376 0.58055556 0.47031251 0.58888888 0.46796876 0.59861112 0.45703125 0.59444445
5 0.43750000 0.56250000 0.44218749 0.55555558 0.44843751 0.57361114 0.44218749 0.57916665
5 0.43671876 0.58749998 0.44296876 0.58333331 0.44843751 0.60138887 0.44374999 0.60416669
5 0.43750000 0.59861112 0.44531250 0.61250001 0.44140625 0.61805558 0.43515626 0.60555553
5 0.42734376 0.58194447 0.43281251 0.58194447 0.43593749 0.60833335 0.42968750 0.60833335
5 0.41874999 0.60555553 0.42578125 0.60000002 0.42890626 0.62361109 0.42109376 0.62638891
5 0.42109376 0.63194442 0.42812499 0.62083334 0.43281251 0.63194442 0.42578125 0.64166665
5 0.40000001 0.65694445 0.41171876 0.64861113 0.41328126 0.65972221 0.40234375 0.66805553
