5 0.49843749 0.53750002 0.50546873 0.53888887 0.50390625 0.55694443 0.49843749 0.55694443
5 0.49843749 0.55972224 0.50390625 0.55972224 0.50546873 0.57777780 0.49843749 0.57777780
5 0.48203126 0.59166664 0.48593751 0.60138887 0.47734374 0.61527777 0.47421876 0.60555553
5 0.46406251 0.60833335 0.47031251 0.60833335 0.47109374 0.62638891 0.46406251 0.62638891
5 0.47734374 0.63194442 0.48906249 0.62638891 0.49140626 0.63749999 0.47968751 0.64444447
5 0.46093750 0.54583335 0.47031251 0.53194445 0.47578126 0.54166669 0.46562499 0.55416667
5 0.43046874 0.55416667 0.43515626 0.55972224 0.42968750 0.57777780 0.42343751 0.57222223
5 0.41953126 0.51388890 0.42343751 0.50694442 0.43203124 0.52083331 0.42656249 0.52916664
5 0.46796876 0.49166667 0.47890624 0.49444443 0.47812501 0.50555557 0.46718749 0.50277776
5 0.46406251 0.46388888 0.47343749 0.47361112 0.47031251 0.48333332 0.46093750 0.47083333
