5 0.43437499 0.65972221 0.44140625 0.65833336 0.44140625 0.68333334 0.43437499 0.68333334
5 0.43281251 0.60138887 0.44374999 0.61111110 0.43984374 0.62222224 0.42968750 0.61111110
5 0.41406250 0.55277777 0.42031249 0.55555558 0.41640624 0.57638890 0.41171876 0.57499999
5 0.42421874 0.51388890 0.43437499 0.50694442 0.43671876 0.51805556 0.42578125 0.52499998
5 0.46406251 0.48194444 0.46796876 0.48750001 0.46171874 0.50138891 0.45703125 0.49444443
5 0.46796876 0.52083331 0.48124999 0.52222222 0.48124999 0.53194445 0.46796876 0.53194445
5 0.50078124 0.53472221 0.50546873 0.53472221 0.50390625 0.55555558 0.49921876 0.55555558
5 0.48593751 0.56666666 0.49609375 0.57638890 0.49296874 0.58611113 0.48281249 0.57638890
5 0.48750001 0.58888888 0.49140626 0.58888888 0.49453124 0.60555553 0.48984376 0.60694444
5 0.49375001 0.60972220 0.50312501 0.60972220 0.50312501 0.62222224 0.49375001 0.61944443
