5 0.46875000 0.48888889 0.47578126 0.49305555 0.47109374 0.51527780 0.46484375 0.51249999
5 0.46484375 0.53055555 0.47734374 0.53611112 0.47499999 0.54722220 0.46328124 0.54583335
5 0.46406251 0.60555553 0.47421876 0.59027779 0.47968751 0.60138887 0.46796876 0.61805558
5 0.44921875 0.60138887 0.46093750 0.60694444 0.45703125 0.61805558 0.44687501 0.61250001
5 0.44218749 0.62916666 0.44687501 0.63888890 0.43828124 0.65277779 0.43437499 0.64305556
5 0.42031249 0.62361109 0.42734376 0.62500000 0.42421874 0.64861113 0.41796875 0.64722222
5 0.42031249 0.58194447 0.42656249 0.57916665 0.42968750 0.60000002 0.42421874 0.60416669
5 0.43437499 0.58888888 0.44453126 0.57499999 0.44921875 0.58472222 0.43828124 0.59861112
5 0.43828124 0.53888887 0.44609374 0.54305553 0.44062501 0.56388891 0.43437499 0.55694443
5 0.43593749 0.52083331 0.44609374 0.51388890 0.44843751 0.53055555 0.43671876 0.53194445
