5 0.41953126 0.48888889 0.42890626 0.48888889 0.42968750 0.50000000 0.41953126 0.50138891
5 0.44062501 0.49027777 0.45078126 0.48750001 0.45078126 0.50000000 0.44140625 0.50000000
5 0.43984374 0.53611112 0.45156249 0.53472221 0.45156249 0.54305553 0.43984374 0.54444444
5 0.42109376 0.52083331 0.43046874 0.52777779 0.42968750 0.53611112 0.41874999 0.53055555
5 0.41484374 0.56388891 0.42656249 0.56388891 0.42578125 0.57083333 0.41640624 0.57222223
5 0.43984374 0.56666666 0.45078126 0.56666666 0.45078126 0.57499999 0.44062501 0.57499999
5 0.43984374 0.59722221 0.45078126 0.59722221 0.44999999 0.60555553 0.43984374 0.60694444
5 0.41718751 0.60138887 0.42890626 0.60138887 0.42812499 0.61111110 0.41796875 0.60972220
5 0.41562501 0.63749999 0.42656249 0.63749999 0.42578125 0.64722222 0.41562501 0.64583331
5 0.43828124 0.63194442 0.44999999 0.63194442 0.44999999 0.64027780 0.43906251 0.64027780
