5 0.45625001 0.51111114 0.46640626 0.49861112 0.46875000 0.50972223 0.46015626 0.52083331
5 0.43125001 0.50277776 0.44140625 0.48888889 0.44374999 0.49861112 0.43671876 0.51111114
5 0.42812499 0.52638888 0.43593749 0.53888887 0.43203124 0.54722220 0.42421874 0.53750002
5 0.44531250 0.56111109 0.45546874 0.55972224 0.45546874 0.57083333 0.44453126 0.57222223
5 0.46562499 0.55138886 0.47187501 0.54861110 0.47187501 0.57222223 0.46640626 0.57083333
5 0.46250001 0.59861112 0.47109374 0.58472222 0.47343749 0.59444445 0.46718749 0.60555553
5 0.42734376 0.60277778 0.43593749 0.60138887 0.43437499 0.61944443 0.42734376 0.62083334
5 0.43984374 0.62222224 0.44609374 0.61944443 0.44921875 0.63888890 0.44374999 0.64027780
5 0.46015626 0.61666667 0.46562499 0.61805558 0.46328124 0.63472223 0.45859376 0.63333333
5 0.43593749 0.58611113 0.44687501 0.58194447 0.44765624 0.59027779 0.43828124 0.59583336
