5 0.46328124 0.47777778 0.46875000 0.49027777 0.45781249 0.50416666 0.45546874 0.49305555
5 0.46718749 0.53472221 0.47656250 0.52361113 0.47812501 0.54027778 0.46718749 0.54583335
5 0.47109374 0.58611113 0.48046875 0.58749998 0.47812501 0.60833335 0.47109374 0.60972220
5 0.44531250 0.60416669 0.45468751 0.61527777 0.44999999 0.62638891 0.44140625 0.61388886
5 0.44296876 0.56944442 0.45078126 0.56666666 0.45312500 0.59027779 0.44531250 0.59305555
5 0.43671876 0.53333336 0.44999999 0.54027778 0.44609374 0.55277777 0.43671876 0.54583335
5 0.42656249 0.53472221 0.43359375 0.53888887 0.43046874 0.55694443 0.42187500 0.55000001
5 0.41328126 0.55416667 0.42109376 0.55555558 0.42109376 0.57499999 0.41171876 0.57361114
5 0.42343751 0.59861112 0.43671876 0.60972220 0.43359375 0.62083334 0.42031249 0.60694444
5 0.42031249 0.62222224 0.42734376 0.63055557 0.42109376 0.65138888 0.41484374 0.64305556
