3 0.35624999 0.20555556 0.37109375 0.18888889 0.38281250 0.22222222 0.36953124 0.23888889
3 0.34687501 0.27222222 0.36875001 0.27361110 0.36796874 0.30277777 0.34765625 0.30277777
3 0.34843749 0.36805555 0.36562499 0.34861112 0.37500000 0.37500000 0.35703126 0.39444444
3 0.40859374 0.36388889 0.42656249 0.34999999 0.43437499 0.37638888 0.41640624 0.39166668
3 0.42109376 0.27638888 0.43437499 0.29444444 0.42265624 0.32499999 0.40937501 0.30416667
3 0.41796875 0.20000000 0.43359375 0.20972222 0.42656249 0.24722221 0.41171876 0.23472223
3 0.46093750 0.16527778 0.47499999 0.15277778 0.48281249 0.19166666 0.46953124 0.20277777
3 0.45937499 0.24444444 0.47343749 0.22916667 0.48437500 0.26111111 0.47031251 0.27777779
3 0.46406251 0.29583332 0.48203126 0.31666666 0.47343749 0.33888888 0.45625001 0.32083333
3 0.45781249 0.35972223 0.47734374 0.37083334 0.47187501 0.39583334 0.45312500 0.38472223
