3 0.48046875 0.22222222 0.49687499 0.22361112 0.49687499 0.26249999 0.48046875 0.26249999
3 0.43359375 0.30833334 0.45078126 0.29305556 0.45859376 0.32222223 0.43906251 0.33611110
3 0.44296876 0.38194445 0.45781249 0.37361112 0.46484375 0.40972221 0.44921875 0.41944444
3 0.39453125 0.39722222 0.40859374 0.38194445 0.41874999 0.41666666 0.40546876 0.42916667
3 0.36953124 0.37916666 0.39140624 0.38611111 0.38828126 0.41388890 0.36718750 0.40694445
3 0.36093751 0.29722223 0.37734374 0.30555555 0.37265626 0.34027779 0.35546875 0.33333334
3 0.40546876 0.22361112 0.41796875 0.24444444 0.40625000 0.26944444 0.39296874 0.25277779
3 0.37968749 0.16388889 0.39609376 0.16805555 0.39375001 0.20555556 0.37656251 0.20138890
3 0.34843749 0.21805556 0.36562499 0.21944444 0.36484376 0.25694445 0.34843749 0.25555557
3 0.31250000 0.23194444 0.32812500 0.22222222 0.33750001 0.25694445 0.32421875 0.26944444
