3 0.43593749 0.22361112 0.44843751 0.24166666 0.44062501 0.27083334 0.42500001 0.25972223
3 0.43437499 0.29861110 0.45078126 0.32361111 0.44062501 0.34444445 0.42500001 0.32083333
3 0.42265624 0.32916668 0.43828124 0.35416666 0.42812499 0.37361112 0.41406250 0.34861112
3 0.39687499 0.34861112 0.41249999 0.34583333 0.41249999 0.38333333 0.39765626 0.38194445
3 0.38515624 0.32916668 0.39765626 0.34861112 0.38749999 0.37222221 0.37421876 0.35555556
3 0.36171874 0.32083333 0.37578124 0.30000001 0.38671875 0.31944445 0.37109375 0.34305555
3 0.34687501 0.27500001 0.36718750 0.27361110 0.36796874 0.30138889 0.34843749 0.30277777
3 0.36093751 0.22222222 0.37968749 0.24027778 0.37187499 0.26527777 0.35390624 0.24583334
3 0.37734374 0.20694445 0.39062500 0.19583334 0.40078124 0.22638889 0.38671875 0.23888889
3 0.40390626 0.20000000 0.42109376 0.20000000 0.42187500 0.23888889 0.40468749 0.23750000
