3 0.48906249 0.15972222 0.50312501 0.17638889 0.49609375 0.20833333 0.48124999 0.19722222
3 0.46171874 0.27083334 0.47734374 0.26388890 0.48203126 0.30000001 0.46640626 0.30694443
3 0.44765624 0.23888889 0.46171874 0.23055555 0.46796876 0.26666668 0.45390624 0.27361110
3 0.41953126 0.24027778 0.43984374 0.24861111 0.43750000 0.27638888 0.41718751 0.26944444
3 0.37656251 0.40972221 0.39218751 0.43333334 0.38281250 0.44722223 0.36718750 0.42916667
3 0.33984375 0.41805556 0.35390624 0.40138888 0.36484376 0.43333334 0.35312501 0.44583333
3 0.30625001 0.42916667 0.32343751 0.41111112 0.33125001 0.43472221 0.31328124 0.44583333
3 0.29374999 0.38611111 0.30937499 0.38611111 0.31093749 0.41944444 0.29374999 0.42083332
3 0.32499999 0.16944444 0.34453124 0.18750000 0.33906251 0.21111111 0.31953126 0.19722222
3 0.38203126 0.13333334 0.39453125 0.11666667 0.40703124 0.14861111 0.39375001 0.16527778
