3 0.33984375 0.18611111 0.36093751 0.19444445 0.35703126 0.22222222 0.33750001 0.21527778
3 0.38124999 0.24861111 0.40000001 0.26944444 0.39296874 0.29583332 0.37343749 0.27777779
3 0.34843749 0.29027778 0.37031251 0.28611112 0.37187499 0.31527779 0.35078126 0.31944445
3 0.30781251 0.29861110 0.32578126 0.30277777 0.32421875 0.33888888 0.30703124 0.33750001
3 0.39843750 0.35416666 0.42031249 0.35277778 0.42109376 0.38194445 0.40000001 0.38472223
3 0.43359375 0.39166668 0.45390624 0.39166668 0.45390624 0.42083332 0.43437499 0.41944444
3 0.46875000 0.28333333 0.48359376 0.29305556 0.47734374 0.32777777 0.46328124 0.31944445
3 0.43515626 0.28611112 0.45078126 0.27777779 0.45546874 0.31527779 0.43984374 0.32222223
3 0.44843751 0.21388888 0.46015626 0.23611110 0.44765624 0.26249999 0.43437499 0.24166666
3 0.41015625 0.17222223 0.42734376 0.17222223 0.42734376 0.21111111 0.41093749 0.20972222
