3 0.35078126 0.18472221 0.36875001 0.18750000 0.36875001 0.22638889 0.35078126 0.22499999
3 0.35156250 0.27361110 0.36875001 0.27500001 0.36875001 0.31250000 0.34999999 0.30972221
3 0.34999999 0.34583333 0.36796874 0.34722221 0.36796874 0.38472223 0.34999999 0.38194445
3 0.41328126 0.35555556 0.43046874 0.35555556 0.42968750 0.39305556 0.41406250 0.39166668
3 0.41328126 0.27777779 0.43046874 0.27916667 0.43046874 0.31527779 0.41406250 0.31388888
3 0.41328126 0.18888889 0.43125001 0.18888889 0.42968750 0.22916667 0.41406250 0.22638889
3 0.46484375 0.16249999 0.48124999 0.16249999 0.47812501 0.20416667 0.46328124 0.20000000
3 0.46171874 0.23055555 0.47812501 0.22916667 0.47812501 0.26944444 0.46171874 0.26805556
3 0.46093750 0.29722223 0.47734374 0.29722223 0.47656250 0.33611110 0.46093750 0.33611110
3 0.46015626 0.35972223 0.47656250 0.35972223 0.47578126 0.39722222 0.46015626 0.39583334
