3 0.45234376 0.15555556 0.46406251 0.17500000 0.45156249 0.20416667 0.43828124 0.18472221
3 0.44374999 0.27500001 0.46171874 0.26388890 0.46718749 0.29166666 0.44921875 0.30138889
3 0.46093750 0.29861110 0.48046875 0.28333333 0.48593751 0.31250000 0.46796876 0.32499999
3 0.43593749 0.38888890 0.44999999 0.37638888 0.45937499 0.40833333 0.44609374 0.42083332
3 0.41874999 0.29444444 0.43203124 0.31111112 0.42343751 0.34166667 0.40937501 0.32777777
3 0.38359374 0.27777779 0.39921874 0.27777779 0.40078124 0.31527779 0.38593751 0.31527779
3 0.37890625 0.30833334 0.39531249 0.33333334 0.38593751 0.35555556 0.36875001 0.32777777
3 0.33593750 0.36666667 0.35078126 0.35416666 0.36093751 0.38888890 0.34765625 0.40138888
3 0.33281249 0.26111111 0.34687501 0.23750000 0.35859376 0.26111111 0.34375000 0.28333333
3 0.35703126 0.20555556 0.36953124 0.18750000 0.38281250 0.22083333 0.37031251 0.23611110
