3 0.44453126 0.32361111 0.46093750 0.34305555 0.45156249 0.36666667 0.43515626 0.34444445
3 0.40937501 0.35277778 0.42343751 0.34999999 0.42734376 0.38472223 0.41171876 0.38888890
3 0.37890625 0.35972223 0.39453125 0.33750001 0.40468749 0.35833332 0.39062500 0.38194445
3 0.36250001 0.31111112 0.37890625 0.29305556 0.38671875 0.31944445 0.36953124 0.33472222
3 0.34843749 0.26249999 0.36953124 0.26388890 0.36953124 0.29305556 0.34843749 0.29027778
3 0.36562499 0.20972222 0.38359374 0.23194444 0.37421876 0.25416666 0.35703126 0.23472223
3 0.38124999 0.18888889 0.39609376 0.18611111 0.40000001 0.22361112 0.38359374 0.22499999
3 0.41328126 0.19305556 0.42812499 0.20694445 0.41953126 0.24027778 0.40546876 0.22777778
3 0.42343751 0.24444444 0.44062501 0.22361112 0.44843751 0.25000000 0.43125001 0.26805556
3 0.43750000 0.28194445 0.45703125 0.27500001 0.46015626 0.30555555 0.44218749 0.31111112
