1 0.4112408 0.6570185 0.4424690 0.6570185 0.4424690 0.5860367 0.4112408 0.5860367
1 0.5566137 0.6570185 0.5878420 0.6570185 0.5878420 0.5860367 0.5566137 0.5860367
1 0.4112408 0.5766613 0.4424690 0.5766613 0.4424690 0.5056794 0.4112408 0.5056794
1 0.5566137 0.5766613 0.5878420 0.5766613 0.5878420 0.5056794 0.5566137 0.5056794
1 0.4112408 0.4948161 0.4424690 0.4948161 0.4424690 0.4238341 0.4112408 0.4238341
1 0.5566137 0.4948161 0.5878420 0.4948161 0.5878420 0.4238341 0.5566137 0.4238341
1 0.4112408 0.4159470 0.4424690 0.4159470 0.4424690 0.3449651 0.4112408 0.3449651
1 0.5566137 0.4159470 0.5878420 0.4159470 0.5878420 0.3449651 0.5566137 0.3449651
4 0.3311041 0.3596838 0.3311041 0.3132125 0.3025518 0.3132125 0.3025518 0.3596838
4 0.3311041 0.3028386 0.3311041 0.2563673 0.3025518 0.2563673 0.3025518 0.3028386
0 0.5500678 0.6432210 0.5500678 0.3599546 0.4595019 0.3599546 0.4595019 0.6432210
5 0.3076373 0.4277464 0.3193285 0.4277464 0.3193285 0.3940097 0.3076373 0.3940097
5 0.3076373 0.5140679 0.3193285 0.5140679 0.3193285 0.4803313 0.3076373 0.4803313
5 0.3076373 0.5974013 0.3193285 0.5974013 0.3193285 0.5636647 0.3076373 0.5636647
5 0.3076373 0.6832147 0.3193285 0.6832147 0.3193285 0.6494781 0.3076373 0.6494781
3 0.6706990 0.7155750 0.7042232 0.7155750 0.7042232 0.6461306 0.6706990 0.6461306
3 0.6706990 0.5357139 0.7042232 0.5357139 0.7042232 0.4662695 0.6706990 0.4662695
3 0.6706990 0.6249996 0.7042232 0.6249996 0.7042232 0.5555552 0.6706990 0.5555552
3 0.6706990 0.4451386 0.7042232 0.4451386 0.7042232 0.3756941 0.6706990 0.3756941
3 0.6706990 0.3531743 0.7042232 0.3531743 0.7042232 0.2837298 0.6706990 0.2837298
2 0.6262352 0.3496752 0.6262352 0.6472402 0.6632032 0.6472402 0.6632032 0.3496752
2 0.3754893 0.3496752 0.3385212 0.3496753 0.3385212 0.6472402 0.3754893 0.6472402
2 0.5918423 0.6883199 0.4090163 0.6883199 0.4090163 0.7484886 0.5918423 0.7484885
2 0.4090163 0.2523081 0.4090163 0.3124767 0.5918423 0.3124767 0.5918423 0.2523081
5 0.3825639 0.2955187 0.3618357 0.2955186 0.3618357 0.3145472 0.3825638 0.3145473
