1 0.55312502 0.65972221 0.56562501 0.64861113 0.57499999 0.68888891 0.56093752 0.69722223
1 0.57031250 0.72638887 0.58749998 0.75138891 0.58046877 0.77083331 0.56171876 0.75000000
1 0.57187498 0.80138886 0.58593750 0.79444444 0.59062499 0.83888888 0.57499999 0.84027779
1 0.58046877 0.63055557 0.60078126 0.61388886 0.60781252 0.63611114 0.58515626 0.64999998
1 0.61406249 0.63888890 0.62890625 0.62777776 0.63828123 0.66805553 0.62343752 0.67638886
1 0.66250002 0.60833335 0.67968750 0.61250001 0.67265624 0.65416664 0.65625000 0.64722222
1 0.69218749 0.60416669 0.70390624 0.58472222 0.72109377 0.61666667 0.70703125 0.63472223
1 0.73046875 0.62083334 0.75703126 0.61805558 0.75859374 0.64166665 0.73046875 0.64444447
1 0.60546875 0.72361112 0.62031251 0.73472220 0.61171877 0.77222222 0.59765625 0.76111114
1 0.62500000 0.80277777 0.64062500 0.80138886 0.64140624 0.84444445 0.62578124 0.84305555
1 0.66171873 0.78055555 0.67734373 0.77222222 0.68593752 0.81250000 0.67187500 0.81944442
1 0.64687502 0.69999999 0.66328126 0.70416665 0.65859377 0.74305558 0.64375001 0.73611110
1 0.68046874 0.69861114 0.69375002 0.68472224 0.70781249 0.71944445 0.69453126 0.73472220
1 0.73124999 0.69027776 0.74296874 0.67361110 0.76015627 0.71111113 0.74609375 0.72500002
1 0.70859373 0.76944447 0.73046875 0.79861110 0.72343749 0.81944442 0.69999999 0.79166669
1 0.73281252 0.77638888 0.75625002 0.75833333 0.76249999 0.78750002 0.73906249 0.80000001
