1 0.55703127 0.60277778 0.57187498 0.60000002 0.57109374 0.64444447 0.55624998 0.64305556
1 0.56093752 0.70972222 0.57343751 0.72361112 0.56328124 0.76111114 0.55156249 0.74583334
1 0.59140623 0.59166664 0.60624999 0.59444445 0.60234374 0.63611114 0.58749998 0.63055557
1 0.60000002 0.70555556 0.61406249 0.70833331 0.61328125 0.75000000 0.59843749 0.74722224
1 0.56875002 0.81666666 0.58515626 0.81805557 0.58359373 0.85972220 0.56875002 0.85972220
1 0.61796874 0.81250000 0.63437498 0.81527776 0.63359374 0.85694444 0.61796874 0.85555553
1 0.62578124 0.60000002 0.64140624 0.60000002 0.64140624 0.63888890 0.62578124 0.63749999
1 0.64921874 0.72777778 0.66484374 0.72777778 0.66484374 0.77083331 0.64999998 0.76527780
1 0.65468752 0.81666666 0.67031252 0.81388891 0.67187500 0.85833335 0.65703124 0.85416669
1 0.68750000 0.72361112 0.70468748 0.72083336 0.70781249 0.76249999 0.69062501 0.76249999
1 0.66718751 0.59722221 0.68437499 0.59722221 0.68281251 0.63888890 0.66484374 0.63472223
1 0.70156252 0.80694443 0.71796876 0.81111109 0.71640623 0.85694444 0.70078123 0.84861112
1 0.70390624 0.59583336 0.72265625 0.59444445 0.72343749 0.63472223 0.70546877 0.63472223
1 0.72968751 0.71666664 0.74765623 0.71388888 0.75156248 0.75555557 0.73437500 0.75694442
1 0.75234377 0.80416667 0.77109373 0.80416667 0.77265626 0.84722221 0.75312501 0.84444445
1 0.75078124 0.60000002 0.76406252 0.58749998 0.77656251 0.62638891 0.76249999 0.63472223
