1 0.55937499 0.68333334 0.57421875 0.69027776 0.57031250 0.73055553 0.55546874 0.72361112
1 0.57109374 0.77916664 0.58437502 0.79027778 0.57578123 0.83194447 0.56171876 0.82083333
1 0.59140623 0.64444447 0.61328125 0.65972221 0.60703123 0.68333334 0.58671874 0.66527778
1 0.59062499 0.72083336 0.61015624 0.70138890 0.61718750 0.72777778 0.59609377 0.74583334
1 0.60078126 0.78611112 0.62265623 0.77638888 0.62890625 0.80277777 0.60703123 0.81388891
1 0.65234375 0.76805556 0.66562498 0.79027778 0.64999998 0.81805557 0.63906252 0.79722220
1 0.66874999 0.81111109 0.68203127 0.80000001 0.69375002 0.83888888 0.67968750 0.85138887
1 0.63906252 0.72361112 0.66015625 0.70833331 0.66640627 0.73472220 0.64453125 0.74861109
1 0.64218748 0.62638891 0.65703124 0.63611114 0.64999998 0.67500001 0.63359374 0.66388887
1 0.65937501 0.61944443 0.67343748 0.61944443 0.67421877 0.66250002 0.65859377 0.66388887
1 0.68671876 0.63749999 0.70781249 0.61805558 0.71718752 0.63749999 0.69531250 0.66111112
1 0.68203127 0.71527779 0.70546877 0.72916669 0.70234376 0.75416666 0.67734373 0.74027777
1 0.71875000 0.76666665 0.74296874 0.79444444 0.73437500 0.81250000 0.71171874 0.78750002
1 0.74687499 0.77777779 0.77187502 0.80138886 0.76640624 0.82222223 0.74062502 0.80138886
1 0.73750001 0.70138890 0.75234377 0.71666664 0.74062502 0.75416666 0.72343749 0.73750001
1 0.73828125 0.63055557 0.76093751 0.65555555 0.75234377 0.67777777 0.72968751 0.65555555
