1 0.55234373 0.65277779 0.56953126 0.62638891 0.57890624 0.64444447 0.56250000 0.67222220
1 0.55312502 0.72500002 0.57421875 0.71249998 0.57968748 0.74027777 0.55859375 0.75138891
1 0.56484377 0.80694443 0.58125001 0.78472221 0.59218752 0.80833334 0.57421875 0.83194447
1 0.61406249 0.72361112 0.62890625 0.69861114 0.64062500 0.71249998 0.62656248 0.74583334
1 0.58906251 0.63611114 0.60078126 0.62083334 0.61484373 0.65277779 0.60078126 0.67083335
1 0.61562502 0.80555558 0.62890625 0.79583335 0.63828123 0.83472222 0.62656248 0.84444445
1 0.66562498 0.79444444 0.67812502 0.78333336 0.68984377 0.82361114 0.67656249 0.83611113
1 0.67187500 0.70277780 0.68828124 0.70694447 0.68750000 0.74861109 0.67109376 0.74444443
1 0.62265623 0.61388886 0.63828123 0.60833335 0.64140624 0.64722222 0.62656248 0.65138888
1 0.66406250 0.60833335 0.67812502 0.59305555 0.69140625 0.62500000 0.67968750 0.64027780
1 0.71015626 0.60277778 0.72734374 0.60277778 0.72734374 0.64722222 0.71015626 0.64583331
1 0.75546873 0.60972220 0.77109373 0.59583336 0.78437501 0.63194442 0.76953125 0.64722222
1 0.70625001 0.71249998 0.71796876 0.69861114 0.73281252 0.73055553 0.72031248 0.74722224
1 0.71562499 0.79444444 0.73828125 0.78472221 0.74374998 0.81527776 0.72031248 0.82083333
1 0.75078124 0.80138886 0.77187502 0.78333336 0.78203124 0.80972224 0.76249999 0.83055556
1 0.74921876 0.72500002 0.76484376 0.71388888 0.77343750 0.75555557 0.75859374 0.76111114
