1 0.56093752 0.64722222 0.57734376 0.68055558 0.56562501 0.69722223 0.55156249 0.66666669
1 0.56093752 0.74305558 0.58437502 0.74444443 0.58359373 0.77222222 0.56093752 0.77083331
1 0.57109374 0.80972224 0.58437502 0.79444444 0.59609377 0.83055556 0.58593750 0.84583336
1 0.61874998 0.81111109 0.62890625 0.79444444 0.64375001 0.82916665 0.63281250 0.84305555
1 0.60000002 0.73194444 0.61406249 0.72500002 0.62109375 0.76666665 0.60703123 0.77361113
1 0.59765625 0.61805558 0.61093748 0.62777776 0.59765625 0.66250002 0.58593750 0.64861113
1 0.62578124 0.61944443 0.64453125 0.64722222 0.63437498 0.66666669 0.61718750 0.64027780
1 0.63749999 0.70138890 0.65312499 0.69444442 0.66015625 0.73472220 0.64531249 0.74305558
1 0.66484374 0.76111114 0.68671876 0.78611112 0.67890626 0.80555558 0.65781248 0.78055555
1 0.68515623 0.69166666 0.70781249 0.71388888 0.70078123 0.73750001 0.67812502 0.71388888
1 0.65625000 0.61111110 0.66953123 0.59583336 0.68281251 0.63055557 0.67031252 0.64444447
1 0.70156252 0.59027779 0.72578126 0.60416669 0.72031248 0.62638891 0.69765627 0.61388886
1 0.72890627 0.63888890 0.75156248 0.61527777 0.75937498 0.64027780 0.73671877 0.65972221
1 0.73515624 0.68611109 0.75859374 0.70694447 0.75390625 0.72777778 0.72812498 0.71111113
1 0.75312501 0.75555557 0.76718748 0.77499998 0.75312501 0.80694443 0.73906249 0.79027778
1 0.69765627 0.78611112 0.72031248 0.77083331 0.72812498 0.79861110 0.70546877 0.81111109
