1 0.55703127 0.63611114 0.57968748 0.64861113 0.57578123 0.67222220 0.55546874 0.66388887
1 0.57734376 0.72083336 0.59140623 0.71944445 0.58828127 0.76249999 0.57499999 0.75833333
1 0.55859375 0.81805557 0.57968748 0.80972224 0.58515626 0.83472222 0.56328124 0.84861112
1 0.61796874 0.78055555 0.63906252 0.80555558 0.63203126 0.82638890 0.61093748 0.80138886
1 0.62031251 0.71805555 0.64375001 0.70972222 0.64687502 0.73750001 0.62421876 0.74166667
1 0.59375000 0.63888890 0.60937500 0.63333333 0.61406249 0.67222220 0.59921873 0.67916667
1 0.61874998 0.64722222 0.63593751 0.62361109 0.64609373 0.64583331 0.62812501 0.66944444
1 0.67109376 0.60138887 0.68593752 0.61388886 0.67421877 0.65416664 0.65859377 0.63749999
1 0.67500001 0.69999999 0.69609374 0.72638887 0.68828124 0.74861109 0.66718751 0.71805555
1 0.67421877 0.78194445 0.68906248 0.79583335 0.67890626 0.83333331 0.66406250 0.81388891
1 0.72187501 0.78333336 0.73671877 0.80138886 0.72421873 0.83333331 0.71015626 0.81111109
1 0.75546873 0.79583335 0.78125000 0.80416667 0.78046876 0.83055556 0.75390625 0.82361114
1 0.71249998 0.71666664 0.73828125 0.70972222 0.74140626 0.73611110 0.71562499 0.74027777
1 0.71171874 0.61944443 0.73593748 0.64027780 0.72734374 0.66111112 0.70546877 0.63749999
1 0.76249999 0.59722221 0.77812499 0.61388886 0.76796877 0.65138888 0.75078124 0.63333333
1 0.75859374 0.70694447 0.78593749 0.71527779 0.78359377 0.74305558 0.75781250 0.73472220
