1 0.56562501 0.62500000 0.58281249 0.64999998 0.57265627 0.67083335 0.55624998 0.64444447
1 0.57343751 0.70138890 0.59062499 0.73055553 0.58203125 0.75000000 0.56328124 0.72083336
1 0.57343751 0.80138886 0.58359373 0.78611112 0.59765625 0.82361114 0.58593750 0.83749998
1 0.61406249 0.77499998 0.63749999 0.79027778 0.63437498 0.81388891 0.60937500 0.79583335
1 0.59687501 0.62083334 0.61093748 0.62777776 0.60468751 0.66250002 0.59218752 0.66111112
1 0.60859376 0.67500001 0.62578124 0.70555556 0.61562502 0.72361112 0.59921873 0.69305557
1 0.62265623 0.60138887 0.64375001 0.61944443 0.63749999 0.64027780 0.61640626 0.62222224
1 0.65937501 0.58749998 0.67578125 0.61944443 0.66562498 0.63611114 0.64921874 0.60694444
1 0.68671876 0.58888888 0.71249998 0.60000002 0.70781249 0.62777776 0.68203127 0.61111110
1 0.64296877 0.68888891 0.66718751 0.70555556 0.66328126 0.72638887 0.63906252 0.70694447
1 0.67578125 0.70694447 0.69453126 0.68472224 0.70468748 0.70972222 0.68359375 0.73055553
1 0.65468752 0.77916664 0.66796875 0.76805556 0.68203127 0.80416667 0.66953123 0.81805557
1 0.70390624 0.79305553 0.72968751 0.79166669 0.73046875 0.82083333 0.70390624 0.81805557
1 0.72734374 0.74166667 0.75546873 0.75000000 0.75468749 0.77361113 0.72734374 0.76666665
1 0.72968751 0.67083335 0.74374998 0.69027776 0.72812498 0.72083336 0.71484375 0.70416665
1 0.72265625 0.63194442 0.74843752 0.61527777 0.75390625 0.64027780 0.73281252 0.65555555
