1 0.58046877 0.60833335 0.60390627 0.62361109 0.59765625 0.64861113 0.57578123 0.63472223
1 0.56484377 0.64305556 0.57890624 0.65416664 0.57031250 0.68888891 0.55624998 0.67916667
1 0.57421875 0.71666664 0.59062499 0.72361112 0.58437502 0.76388890 0.56953126 0.75694442
1 0.59453124 0.72361112 0.61406249 0.70277780 0.62265623 0.72777778 0.60234374 0.74722224
1 0.61796874 0.62500000 0.63437498 0.62777776 0.63281250 0.66944444 0.61718750 0.66666669
1 0.65312499 0.63055557 0.67187500 0.60416669 0.68281251 0.62500000 0.66484374 0.64999998
1 0.69296873 0.59027779 0.71093750 0.58194447 0.71718752 0.62083334 0.69921875 0.62777776
1 0.73515624 0.61388886 0.74687499 0.60000002 0.76328123 0.63749999 0.74843752 0.65277779
1 0.65859377 0.68888891 0.67109376 0.70833331 0.65625000 0.73611110 0.64218748 0.71944445
1 0.68750000 0.68750000 0.70312500 0.68333334 0.70859373 0.72500002 0.69062501 0.72361112
1 0.72812498 0.69027776 0.74062502 0.67638886 0.75390625 0.71527779 0.73750001 0.72500002
1 0.73906249 0.74444443 0.76093751 0.77361113 0.75156248 0.79861110 0.73124999 0.76666665
1 0.70234376 0.77916664 0.71484375 0.77083331 0.72734374 0.81111109 0.71171874 0.82083333
1 0.66796875 0.77638888 0.68515623 0.78611112 0.67968750 0.82638890 0.66484374 0.81805557
1 0.63281250 0.79722220 0.64609373 0.81111109 0.63515627 0.84861112 0.62109375 0.83333331
1 0.58203125 0.80277777 0.59609377 0.81666666 0.58359373 0.85555553 0.57265627 0.83749998
