5 0.39140624 0.47499999 0.39843750 0.46666667 0.40156251 0.47638890 0.39296874 0.48333332
5 0.39062500 0.49583334 0.39531249 0.48750001 0.40312499 0.49861112 0.40078124 0.50694442
5 0.38749999 0.50138891 0.39921874 0.50694442 0.39765626 0.51527780 0.38671875 0.51249999
5 0.39609376 0.53194445 0.40156251 0.53611112 0.39765626 0.55277777 0.39218751 0.55000001
5 0.40625000 0.54027778 0.41093749 0.54583335 0.40546876 0.55833334 0.40078124 0.55555558
5 0.39687499 0.57777780 0.40859374 0.57222223 0.41093749 0.58333331 0.39921874 0.58611113
5 0.38906249 0.57499999 0.39921874 0.58888888 0.39453125 0.59861112 0.38515624 0.58749998
5 0.39765626 0.60000002 0.40937501 0.59444445 0.41093749 0.60555553 0.39843750 0.61111110
5 0.39375001 0.62916666 0.39843750 0.62222224 0.40625000 0.63749999 0.40234375 0.64583331
5 0.40703124 0.64166665 0.41249999 0.64999998 0.40390626 0.66805553 0.39843750 0.65833336
