5 0.42500001 0.57916665 0.42890626 0.58749998 0.42265624 0.60138887 0.41718751 0.59583336
5 0.44453126 0.54444444 0.44843751 0.55277777 0.44374999 0.56944442 0.43828124 0.56388891
5 0.43359375 0.50416666 0.44218749 0.49166667 0.44374999 0.50138891 0.43671876 0.51249999
5 0.45546874 0.53194445 0.46328124 0.51944447 0.46406251 0.52777779 0.45703125 0.54027778
5 0.46250001 0.53472221 0.47031251 0.53055555 0.47031251 0.55000001 0.46406251 0.55000001
5 0.45468751 0.54722220 0.45859376 0.54166669 0.46328124 0.55277777 0.46015626 0.55972224
5 0.45078126 0.57083333 0.46171874 0.57222223 0.46171874 0.58194447 0.45234376 0.58055556
5 0.46250001 0.57777780 0.47031251 0.57777780 0.46953124 0.59583336 0.46250001 0.59722221
5 0.45312500 0.59583336 0.46171874 0.60972220 0.45703125 0.61666667 0.44999999 0.60416669
5 0.44296876 0.61805558 0.44609374 0.61388886 0.45234376 0.62916666 0.44843751 0.63472223
