5 0.43671876 0.49722221 0.44609374 0.48750001 0.44999999 0.49861112 0.44140625 0.50694442
5 0.44687501 0.51805556 0.45781249 0.52638888 0.45468751 0.53750002 0.44374999 0.52916664
5 0.44140625 0.55833334 0.44687501 0.55138886 0.45156249 0.56805557 0.44765624 0.57499999
5 0.44296876 0.60000002 0.44765624 0.59444445 0.45156249 0.61111110 0.44687501 0.61666667
5 0.44843751 0.62638891 0.45312500 0.63194442 0.44609374 0.64999998 0.44140625 0.64444447
5 0.41640624 0.62916666 0.42578125 0.64027780 0.42109376 0.64722222 0.41328126 0.63749999
5 0.41874999 0.60277778 0.42421874 0.59583336 0.43125001 0.61111110 0.42578125 0.61666667
5 0.41796875 0.55972224 0.42265624 0.55138886 0.43046874 0.56666666 0.42500001 0.57638890
5 0.42031249 0.52638888 0.42500001 0.51944447 0.43046874 0.54027778 0.42656249 0.54305553
5 0.42890626 0.49305555 0.43281251 0.50000000 0.42734376 0.51388890 0.42265624 0.50694442
