5 0.40781251 0.46527779 0.41249999 0.47361112 0.40703124 0.48472223 0.40234375 0.47777778
5 0.40703124 0.50277776 0.41328126 0.51388890 0.40781251 0.52916664 0.40156251 0.52222222
5 0.39921874 0.52638888 0.40781251 0.52777779 0.40703124 0.54305553 0.40000001 0.54583335
5 0.38828126 0.53194445 0.39531249 0.53333336 0.39375001 0.55277777 0.38828126 0.55555558
5 0.38828126 0.57222223 0.39609376 0.56944442 0.39609376 0.58611113 0.38828126 0.58888888
5 0.39921874 0.58333331 0.41015625 0.59444445 0.40546876 0.60138887 0.39609376 0.59444445
5 0.43593749 0.55833334 0.44374999 0.56111109 0.43671876 0.57916665 0.43281251 0.57499999
5 0.43671876 0.58888888 0.45078126 0.58888888 0.44999999 0.60000002 0.43671876 0.59861112
5 0.41093749 0.62361109 0.42109376 0.61666667 0.42343751 0.63055557 0.41484374 0.63472223
5 0.39531249 0.62777776 0.40546876 0.62361109 0.40703124 0.63611114 0.39531249 0.64027780
