5 0.39140624 0.47777778 0.39921874 0.46527779 0.40312499 0.47916666 0.39531249 0.48611110
5 0.42265624 0.50416666 0.43437499 0.51111114 0.43203124 0.51944447 0.41953126 0.51249999
5 0.46875000 0.49027777 0.47578126 0.49166667 0.47499999 0.51249999 0.46796876 0.51388890
5 0.44765624 0.51805556 0.45468751 0.52083331 0.45390624 0.54166669 0.44687501 0.54166669
5 0.44296876 0.53750002 0.45546874 0.54444444 0.45312500 0.55277777 0.44062501 0.54444444
5 0.45546874 0.54722220 0.46250001 0.54305553 0.46250001 0.56527776 0.45625001 0.56527776
5 0.45546874 0.57222223 0.46171874 0.57361114 0.46171874 0.59166664 0.45468751 0.59305555
5 0.45468751 0.58888888 0.46484375 0.58611113 0.46640626 0.59583336 0.45390624 0.60138887
5 0.45937499 0.59861112 0.46718749 0.59583336 0.46875000 0.61388886 0.46171874 0.61805558
5 0.44609374 0.61944443 0.45703125 0.63472223 0.45312500 0.64444447 0.44140625 0.63194442
