3 0.46406251 0.14305556 0.47968751 0.13055556 0.48828125 0.16527778 0.47499999 0.17916666
3 0.45468751 0.22638889 0.47499999 0.23611110 0.47109374 0.26666668 0.45078126 0.25833333
3 0.40937501 0.20972222 0.42890626 0.23611110 0.41953126 0.25694445 0.40234375 0.23472223
3 0.46640626 0.30277777 0.48359376 0.30694443 0.47968751 0.34444445 0.46328124 0.33750001
3 0.39921874 0.29305556 0.42031249 0.30555555 0.41484374 0.33333334 0.39453125 0.32361111
3 0.40156251 0.39861110 0.42031249 0.38472223 0.42734376 0.41388890 0.40937501 0.42777777
3 0.36328125 0.34999999 0.37734374 0.36666667 0.36640626 0.39444444 0.35234374 0.38055557
3 0.34765625 0.24166666 0.36484376 0.26527777 0.35546875 0.28749999 0.33593750 0.26388890
3 0.37734374 0.18888889 0.39375001 0.19861111 0.38671875 0.23611110 0.37031251 0.22361112
3 0.29453126 0.33333334 0.31640625 0.32916668 0.31796876 0.35833332 0.29765624 0.36388889
