3 0.43125001 0.12777779 0.44765624 0.10555556 0.45781249 0.13055556 0.44140625 0.15277778
3 0.46171874 0.17638889 0.47656250 0.16527778 0.48359376 0.20138890 0.46953124 0.21250001
3 0.48281249 0.22499999 0.49843749 0.22222222 0.50000000 0.25833333 0.48515624 0.26111111
3 0.46406251 0.30555555 0.47812501 0.32361111 0.46640626 0.35277778 0.45312500 0.33750001
3 0.42500001 0.34305555 0.44609374 0.35694444 0.43984374 0.38472223 0.42031249 0.37083334
3 0.42265624 0.25416666 0.43984374 0.23750000 0.44765624 0.26249999 0.43125001 0.28194445
3 0.34999999 0.25833333 0.36171874 0.23888889 0.37578124 0.26805556 0.36406249 0.28611112
3 0.32578126 0.17777778 0.34765625 0.18750000 0.34296876 0.21527778 0.32265624 0.20555556
3 0.34218749 0.31944445 0.35937500 0.32499999 0.35703126 0.36250001 0.33984375 0.35833332
3 0.30546874 0.33750001 0.32499999 0.32499999 0.33125001 0.35555556 0.31250000 0.36527777
