3 0.47109374 0.19027779 0.48593751 0.20416667 0.47812501 0.23888889 0.46328124 0.22777778
3 0.44453126 0.24305555 0.46171874 0.24861111 0.45625001 0.28749999 0.44140625 0.27916667
3 0.44609374 0.33472222 0.46093750 0.34583333 0.45312500 0.38055557 0.43828124 0.36944443
3 0.41328126 0.37361112 0.42968750 0.38194445 0.42343751 0.41666666 0.40781251 0.40833333
3 0.38359374 0.33333334 0.40078124 0.31527779 0.41015625 0.34027779 0.39375001 0.36111110
3 0.36250001 0.24583334 0.37656251 0.26805556 0.36250001 0.29583332 0.34999999 0.27500001
3 0.36406249 0.18888889 0.38671875 0.18611111 0.38828126 0.21527778 0.36796874 0.22083333
3 0.31796876 0.27916667 0.33437499 0.27638888 0.33750001 0.31666666 0.31874999 0.31805557
3 0.30312499 0.38055557 0.32265624 0.36250001 0.33125001 0.38888890 0.31250000 0.40555555
3 0.34531251 0.40833333 0.36171874 0.40000001 0.36718750 0.43750000 0.35156250 0.44305557
