3 0.32578126 0.17638889 0.34765625 0.18888889 0.34375000 0.21666667 0.32187501 0.20694445
3 0.37734374 0.20555556 0.39296874 0.23472223 0.38203126 0.25277779 0.36796874 0.22638889
3 0.39843750 0.23472223 0.42031249 0.24027778 0.41796875 0.26944444 0.39765626 0.26249999
3 0.42578125 0.31250000 0.44140625 0.31527779 0.44140625 0.35138890 0.42421874 0.35138890
3 0.48828125 0.25555557 0.50312501 0.25555557 0.50390625 0.29305556 0.48906249 0.29444444
3 0.38437501 0.39861110 0.40078124 0.39722222 0.40234375 0.43333334 0.38593751 0.43333334
3 0.34609374 0.43055555 0.36250001 0.40972221 0.37187499 0.43472221 0.35781249 0.44722223
3 0.30546874 0.33055556 0.32656249 0.31805557 0.33359376 0.34444445 0.31484374 0.35694444
3 0.32187501 0.25694445 0.33906251 0.26805556 0.33281249 0.30277777 0.31640625 0.29305556
3 0.36562499 0.25277779 0.38281250 0.26249999 0.37890625 0.29722223 0.36250001 0.28888890
