3 0.48671874 0.13472222 0.50546873 0.15000001 0.49921876 0.18055555 0.48046875 0.16388889
3 0.40546876 0.23750000 0.42578125 0.24027778 0.42656249 0.26805556 0.40625000 0.26805556
3 0.42578125 0.31250000 0.44218749 0.31388888 0.44140625 0.34999999 0.42578125 0.34999999
3 0.39375001 0.29583332 0.40781251 0.28333333 0.41796875 0.31666666 0.40468749 0.32777777
3 0.36640626 0.34583333 0.38437501 0.36527777 0.37656251 0.38888890 0.35781249 0.36944443
3 0.34531251 0.42638889 0.36250001 0.40833333 0.37265626 0.43333334 0.35703126 0.44722223
3 0.35468751 0.32083333 0.37109375 0.30138889 0.38046876 0.32638890 0.36328125 0.34305555
3 0.37343749 0.24722221 0.38906249 0.25277779 0.38515624 0.28611112 0.36875001 0.28055555
3 0.34609374 0.22916667 0.36406249 0.21805556 0.37031251 0.24444444 0.35234374 0.25555557
3 0.32656249 0.17638889 0.34765625 0.18888889 0.34296876 0.21527778 0.32421875 0.20555556
