3 0.38124999 0.18888889 0.39765626 0.18472221 0.40078124 0.22361112 0.38515624 0.22777778
3 0.41328126 0.19166666 0.43046874 0.20694445 0.42031249 0.24027778 0.40546876 0.22499999
3 0.42343751 0.24305555 0.44062501 0.22361112 0.44921875 0.24861111 0.43281251 0.26805556
3 0.43828124 0.28333333 0.45859376 0.27638888 0.46093750 0.30555555 0.44062501 0.31111112
3 0.44531250 0.32361111 0.46171874 0.34583333 0.45156249 0.36666667 0.43515626 0.34444445
3 0.40937501 0.35416666 0.42578125 0.34861112 0.42812499 0.38749999 0.41328126 0.39027777
3 0.39531249 0.33611110 0.40546876 0.35833332 0.39296874 0.37916666 0.38203126 0.36111110
3 0.36250001 0.31111112 0.38046876 0.29583332 0.38749999 0.31944445 0.37031251 0.33472222
3 0.34921876 0.26388890 0.37031251 0.26388890 0.36953124 0.29166666 0.34999999 0.29166666
3 0.36562499 0.20972222 0.38203126 0.23333333 0.37421876 0.25416666 0.35703126 0.23472223
